29, 52, 62, 68
12, 22, 35, 43, 50, 74, 78, 87, 94
24, 37, 43, 52, 53, 60, 66, 68, 81, 84, 89
29, 49, 66, 73, 76, 78
12, 27, 29, 67
12, 20, 57, 74, 79
12, 25, 41, 72, 88
4, 10, 31, 62
12, 20, 23, 25, 31, 36, 63, 70, 75, 78, 81, 85
56, 71, 88, 91
12, 52, 68, 73, 78, 79, 91, 94
12, 20, 27, 41, 67
29, 36, 38, 58, 61, 63
67, 80, 84, 85
12, 14, 20, 29, 33, 50, 59, 82
29, 45, 59, 65
12, 19, 64, 73, 93
29, 43, 51, 57, 60, 64, 91
12, 44, 60, 78
29, 78, 80, 83
47, 62, 69, 89
12, 17, 34, 36, 38, 42, 45, 47, 55, 57, 82, 85, 91
12, 13, 42, 43, 67, 69, 73, 87, 91, 94
12, 28, 41, 47, 93
19, 24, 37, 89
12, 52, 68, 89
12, 23, 59, 62, 74, 84
29, 63, 73, 80
12, 73, 75, 78, 90
12, 54, 57, 64, 70
47, 67, 70, 77
12, 18, 52, 81
12, 15, 26, 54, 59, 71, 82, 87
29, 56, 71, 73, 79, 90
12, 27, 53, 68, 78
12, 31, 67, 76, 94
12, 17, 18, 25, 74
29, 73, 76, 82, 87
12, 21, 34, 41, 43, 58, 65, 86
12, 16, 72, 78
45, 58, 69, 91
12, 36, 57, 67
12, 30, 56, 60, 73
12, 13, 23, 45, 46
12, 15, 46, 65, 69, 78, 84
12, 17, 18, 22, 34, 40, 41, 42, 49, 63, 80, 90
12, 21, 50, 69
12, 14, 18, 22, 76
12, 37, 59, 83
12, 31, 62, 66, 68
12, 19, 20, 28, 46, 57, 60, 95
29, 31, 44, 50, 74
12, 32, 42, 44, 53, 55, 64, 70, 95
12, 48, 59, 76, 82
12, 55, 71, 78
12, 14, 16, 20, 47, 81
12, 13, 23, 25, 26, 31, 32, 47, 48, 56, 60, 86, 87, 93, 94
12, 13, 14, 37, 79, 87
12, 13, 23, 25, 26, 32, 48, 60, 93
6, 30, 55, 93
12, 41, 60, 91
12, 34, 53, 88
12, 50, 63, 86
12, 13, 50, 55, 77, 93
47, 65, 89, 90, 93
19, 58, 76, 93, 95
12, 22, 23, 26, 38, 43, 90
1, 5, 17, 68
12, 22, 37, 38, 50, 55, 71
12, 18, 21, 24, 43, 53, 89
12, 13, 88, 91
12, 22, 25, 31, 34, 35, 36, 44, 58, 72, 90
12, 37, 38, 54, 57
29, 33, 60, 70
47, 52, 68, 93
12, 28, 35, 48, 50, 72, 84
12, 27, 29, 67
12, 19, 21, 30, 37, 41, 48, 54, 55, 56, 65, 79, 92
12, 45, 63, 82
12, 67, 76, 94
29, 44, 56, 95
12, 13, 23, 25, 26, 31, 32, 47, 48, 56, 60, 86, 87, 93
29, 31, 44, 50, 74
48, 56, 57, 61, 69
12, 16, 47, 87, 90
12, 30, 33, 89
12, 34, 39, 63, 69, 93
12, 22, 25, 31, 34, 35, 36, 44, 46, 49, 55, 57, 58, 72, 74, 90, 94
29, 37, 60, 75
47, 60, 73, 86, 94
29, 37, 56, 58
12, 48, 55, 91
12, 24, 50, 56
12, 20, 31, 40, 46, 62, 66, 68
12, 15, 21, 32, 33, 43, 54, 67, 69, 70, 86, 87, 92
12, 31, 76, 94
12, 16, 32, 39, 40, 48, 55, 58, 69, 70, 82, 89, 93
24, 31, 45, 76, 81, 90
54, 55, 78, 83
29, 32, 38, 43, 74
12, 13, 45, 46, 59, 74, 89
12, 15, 17, 21, 45, 54, 57, 66, 75, 80, 84
12, 40, 64, 80
12, 45, 63, 69
12, 23, 40, 49, 63
33, 42, 69, 82, 84
12, 15, 21, 36, 54, 62, 80, 81, 83, 87, 88, 94
12, 60, 65, 77, 86
12, 15, 86, 92
12, 48, 58, 70, 74, 93
29, 43, 57, 64, 91
29, 45, 46, 59, 87
29, 73, 76, 82, 87
12, 13, 43, 55, 80
12, 22, 39, 61, 66, 67, 68, 75, 77, 94
12, 13, 14, 37, 79, 87
12, 44, 49, 74, 83
12, 23, 28, 94
29, 45, 61, 66
12, 19, 21, 37, 47, 52, 54, 70, 72, 73, 80, 81, 82
29, 47, 66, 92
29, 58, 67, 89, 94
12, 13, 15, 19, 21, 22, 23, 27, 36, 47, 49, 50, 51, 52, 54, 62, 63, 69, 70, 71, 75, 78, 86, 88, 89, 93, 94
12, 20, 33, 78
12, 22, 28, 30, 33, 35, 44, 51, 52, 53, 54, 58, 63, 71, 73, 74
29, 43, 47, 67
12, 16, 35, 49, 55
47, 50, 62, 66
47, 52, 68, 93
12, 66, 74, 91
12, 21, 24, 26, 36, 44, 92
33, 40, 75, 87, 89
12, 25, 32, 53, 91
47, 53, 54, 62, 91
12, 47, 57, 59, 89
12, 30, 38, 49, 53, 60, 63, 73, 74, 81, 88, 93
12, 15, 28, 57, 66, 74, 87
46, 49, 67, 83
12, 63, 70, 94
12, 13, 31, 35, 62, 65, 68, 77, 78, 80
4, 12, 16, 29, 35, 54, 67, 74, 77, 91
13, 16, 26, 35, 40, 68, 77
13, 22, 49, 60, 61, 73, 91, 93
13, 27, 40, 79, 80, 83
13, 14, 17, 41, 49, 95
13, 15, 16, 24, 29, 33, 46, 72, 74, 82, 87
29, 36, 41, 72
13, 59, 78, 94, 95
13, 30, 53, 72, 81, 87, 88
13, 20, 36, 53, 55
13, 29, 41, 56, 78, 80
13, 27, 63, 75, 90, 92
13, 17, 58, 66, 76
29, 37, 60, 75
13, 14, 35, 87
13, 16, 52, 61, 70, 75
29, 33, 55, 59, 82
13, 24, 29, 69
29, 32, 56, 61
29, 52, 55, 70
13, 22, 30, 32, 36, 46, 49, 50, 57, 63, 69, 71, 80, 89, 95
13, 15, 48, 69, 81, 91
13, 39, 58, 79
29, 45, 61, 66
13, 53, 54, 78
13, 14, 23, 39, 42, 93
13, 27, 63, 75, 92
13, 19, 54, 92
13, 18, 21, 37, 39, 41, 66, 69, 74, 86, 94
13, 21, 24, 31, 74
19, 34, 54, 57, 67, 78, 81
13, 15, 21, 54
13, 58, 86, 93
13, 21, 75, 89
13, 52, 63, 87, 95
13, 14, 30, 47, 71, 83
13, 20, 34, 67
47, 50, 71, 81, 93
13, 15, 41, 44, 56, 59, 79, 87
13, 17, 41, 61, 72, 89
13, 22, 27, 48, 49, 52, 70, 71
13, 19, 31, 49
13, 44, 45, 63, 70, 76, 94
48, 59, 75, 82
33, 43, 58, 64, 72
6, 19, 30, 33, 36, 38, 40, 58, 60, 75, 77, 81, 83, 87, 90
29, 34, 41, 76
13, 25, 39, 88
33, 41, 76, 91
13, 14, 22, 36, 60, 62, 66, 77, 79, 88
13, 16, 18, 22, 29, 30, 34, 35, 41, 45, 54, 79, 91
13, 22, 27, 48, 49, 52, 70, 71
29, 35, 45, 59, 67, 72, 84, 91
2, 8, 28, 30, 87
13, 14, 25, 27, 31, 38
29, 34, 54, 70
13, 33, 35, 43, 62, 74
13, 27, 56, 57, 83, 85
13, 28, 37, 66, 70, 77
13, 27, 28, 47, 64, 70, 71, 72, 86, 91
13, 17, 22, 58, 66, 76
48, 56, 71, 79
29, 56, 67, 71, 88, 91
13, 37, 44, 62, 68, 94
29, 36, 38, 43, 56, 60, 61, 63, 75, 79, 90
13, 29, 39, 46, 54, 75
13, 19, 37, 62, 63
29, 38, 55, 70, 86
29, 35, 70, 85
13, 39, 49, 56, 90
29, 46, 65, 79, 92
6, 32, 76, 91
27, 68, 73, 75
2, 3, 22, 27, 31, 46, 60, 74, 78, 82
13, 24, 29, 69
29, 36, 39, 42, 52, 67, 73, 93
13, 53, 72, 76
13, 21, 23, 29, 40, 83, 95
29, 59, 71, 79
13, 58, 83, 93
13, 17, 24, 59, 84
4, 10, 35, 62, 73
13, 32, 58, 62, 93, 95
30, 54, 55, 80, 81
45, 67, 86, 91
13, 55, 60, 80, 84
49, 73, 80, 86
13, 15, 21, 53, 54, 56, 57, 58, 60, 71, 73, 76, 78, 90, 94
30, 38, 55, 75, 91
13, 17, 21, 33, 77
13, 37, 71, 80
13, 40, 79, 80, 83
13, 21, 44, 55, 63, 65, 88, 89
4, 12, 19, 37, 40, 43, 56, 73, 88
13, 36, 66, 71
13, 16, 19, 22, 32, 35, 64, 73, 92
27, 59, 63, 89
30, 31, 34, 80
13, 39, 76, 89, 90, 92
13, 21, 76, 82, 93
30, 42, 53, 82
13, 16, 52, 61, 70, 75
13, 19, 47, 70
16, 27, 32, 39, 62
30, 59, 61, 63, 70
13, 15, 80, 88
48, 55, 79, 87
48, 49, 57, 59
13, 16, 30, 94
13, 28, 69, 93
48, 76, 77, 80
13, 16, 94, 95
13, 50, 55, 73
27, 59, 78, 82, 90
68, 74, 85, 90
13, 23, 26, 84
13, 40, 76, 90
19, 29, 43, 87
48, 59, 78, 80
13, 59, 60, 91
13, 64, 73, 85
13, 21, 33, 88, 91, 92
30, 71, 73, 95
13, 61, 64, 74
30, 50, 73, 78, 79
30, 45, 63, 79
48, 55, 70, 89
13, 27, 41, 58, 60, 62, 78
13, 29, 41, 56, 78, 80
13, 40, 43, 53, 60, 61, 63, 64, 67, 71, 73, 85
13, 15, 19, 58, 59, 62, 63
48, 52, 57, 59, 63, 82
30, 69, 72, 85
13, 33, 35, 43, 62, 74
13, 45, 71, 76
48, 56, 57, 93
24, 28, 43, 50, 57, 75, 83
30, 32, 39, 69, 70
30, 38, 78, 85
13, 63, 72, 92, 93
48, 67, 83, 85, 88, 89
69, 89, 91, 93
13, 39, 56, 90
16, 32, 47, 48, 62
13, 32, 56, 61, 66, 71
48, 60, 65, 83
30, 31, 54, 95
13, 20, 36, 53, 55
30, 38, 61, 87
30, 31, 55, 67
30, 68, 80, 90
30, 31, 54, 95
13, 18, 22, 76, 94
30, 57, 76, 87, 89
13, 18, 20, 27, 32, 35, 36, 39, 50, 55, 56, 62, 77, 86
30, 36, 60, 80
30, 39, 60, 68
48, 60, 65, 83
13, 50, 64, 68
19, 23, 47, 58, 91, 92
13, 40, 42, 82
13, 24, 60, 61
13, 26, 28, 30, 66, 70, 80
69, 87, 88, 95
13, 24, 41, 93
13, 18, 37, 39, 41, 66, 69, 86, 94
13, 29, 41, 54, 80, 92
27, 31, 39, 53, 70, 74, 82, 93, 95
13, 18, 44, 76, 89
13, 40, 82, 90
13, 33, 53, 72
30, 76, 87, 89
24, 28, 33, 34, 40, 52, 53, 59, 67, 74, 76, 91
13, 29, 41, 54, 74, 80, 92
13, 14, 53, 56
13, 25, 33, 38, 48, 59, 71
48, 67, 78, 80, 86
30, 39, 43, 88
13, 26, 28, 49
48, 67, 78, 86
13, 30, 47, 50, 61, 91
13, 59, 61, 85
13, 17, 61, 79
13, 34, 35, 36, 68, 79
30, 36, 46, 59
13, 17, 28, 53, 60, 69, 79, 85, 93
19, 30, 76, 81, 83, 84, 88, 89
69, 89, 91, 93
13, 17, 52, 64
27, 28, 31, 59, 66
30, 45, 61, 67, 70, 84
30, 65, 76, 79, 87
13, 24, 74, 82
13, 32, 62, 95
13, 50, 64, 68
13, 43, 55, 62, 74, 77
13, 19, 29, 47
13, 50, 70, 72
13, 29, 41, 54, 80, 92
13, 31, 39, 64
13, 15, 21, 29, 38, 40, 60, 65
13, 15, 48, 69, 91
30, 56, 68, 83
13, 46, 57, 73, 78, 80, 89
6, 10, 66, 94
30, 33, 39, 80, 83
30, 53, 82, 95
13, 31, 38, 84, 87, 88
13, 23, 33, 56, 67, 78, 91
13, 16, 21, 64
48, 59, 77, 95
13, 21, 35, 37, 42, 56, 78, 80, 92
13, 42, 43, 69, 73, 87, 91
13, 56, 64, 69, 74, 75
13, 34, 41, 45, 54, 91
30, 43, 57, 67
30, 32, 47, 71, 74, 91
13, 33, 50, 59, 63, 82, 84, 93
13, 40, 47, 66, 86
13, 29, 30, 46, 59, 76
13, 14, 28, 40, 74, 81
13, 29, 41, 54, 80, 92
16, 32, 33, 37, 39, 43, 52, 53, 72, 73, 74, 75, 78, 84, 93
13, 60, 61, 73
33, 50, 64, 80
13, 36, 40, 74, 89
48, 55, 70, 89
13, 40, 47, 66, 86
13, 14, 16, 27, 35, 45, 52, 71, 80, 82, 85, 89, 91
13, 15, 42, 53, 54, 66, 68, 85, 93
13, 35, 36, 50, 55, 56, 62, 86
13, 24, 58, 59, 77
48, 50, 70, 76, 83
13, 14, 15, 17, 18, 19, 30, 42, 43, 45, 47, 60, 68, 69, 76, 90, 93, 94
13, 15, 33, 40, 71, 76, 85
30, 40, 43, 75, 84
13, 32, 60, 87, 93
13, 16, 50, 51, 61
30, 39, 40, 41, 43, 88
69, 87, 88, 95
13, 15, 65, 72, 79, 86
13, 46, 62, 72, 94
13, 36, 50, 71, 76, 90
48, 59, 77, 95
13, 22, 38, 68, 79, 84, 88, 95
30, 38, 78, 85
30, 36, 39, 58, 79
48, 52, 60, 86
13, 25, 59, 81, 82
30, 32, 37, 61, 95
13, 15, 18, 21, 75, 77
69, 71, 81, 85
48, 55, 88, 91
30, 32, 50, 73
14, 39, 82, 86
14, 47, 55, 60
34, 39, 45, 46, 54
45, 46, 50, 67
30, 60, 63, 79
14, 43, 54, 76, 84
30, 48, 76, 89
48, 60, 64, 76
14, 16, 25, 30, 70, 91
30, 53, 82, 95
30, 68, 78, 83, 85, 91
14, 31, 56, 73, 79, 87
30, 50, 73, 78, 79
14, 29, 42, 43, 63, 68
14, 57, 61, 62, 86
14, 22, 41, 55, 63
30, 33, 59, 95
14, 17, 78, 95
14, 26, 30, 54
30, 58, 80, 82
49, 57, 70, 88
