15, 17, 41, 72, 83
31, 54, 58, 76
0, 5, 8, 18, 48, 77
15, 40, 62, 95
0, 12, 60, 64, 67, 70, 94, 95
0, 11, 21, 22, 56, 93
0, 2, 4, 5, 6, 7, 9, 11, 12, 13, 17, 19, 20, 21, 22, 27, 28, 29, 30, 36, 39, 40, 41, 43, 46, 47, 50, 52, 53, 54, 55, 56, 61, 63, 67, 68, 70, 74, 75, 77, 79, 80, 82, 83, 84, 88, 92, 93, 94, 95
15, 45, 62, 89
0, 3, 5, 10, 12, 13, 15, 16, 20, 22, 25, 27, 28, 30, 31, 32, 33, 34, 39, 41, 42, 45, 49, 50, 53, 54, 56, 57, 62, 63, 75, 76, 80, 81, 82, 84, 85, 92, 95
0, 3, 4, 5, 6, 7, 10, 13, 14, 15, 16, 17, 18, 21, 22, 23, 24, 25, 26, 27, 28, 29, 30, 31, 32, 33, 34, 35, 36, 37, 38, 39, 40, 41, 42, 43, 44, 45, 46, 47, 48, 49, 50, 51, 52, 53, 54, 55, 56, 57, 58, 59, 60, 61, 62, 63, 64, 65, 66, 67, 68, 69, 70, 71, 73, 74, 75, 76, 78, 79, 80, 81, 82, 83, 84, 85, 86, 87, 88, 89, 90, 91, 92, 93, 94, 95
0, 1, 4, 5, 6, 9, 13, 14, 15, 16, 21, 22, 23, 24, 26, 27, 28, 29, 30, 33, 35, 37, 38, 39, 40, 41, 42, 45, 46, 47, 52, 53, 54, 55, 56, 58, 59, 61, 62, 64, 66, 67, 68, 70, 71, 73, 74, 77, 78, 79, 80, 81, 82, 83, 84, 85, 86, 87, 88, 90, 91, 92, 95
4, 14, 52, 61, 66, 69, 70, 83, 91, 93
0, 1, 4, 5, 7, 9, 10, 11, 12, 13, 14, 15, 16, 17, 18, 19, 21, 22, 23, 25, 26, 27, 29, 30, 31, 32, 36, 37, 38, 40, 41, 44, 45, 46, 47, 49, 50, 51, 52, 53, 58, 60, 62, 63, 66, 68, 69, 70, 71, 72, 73, 74, 75, 76, 78, 79, 80, 83, 87, 88, 89, 91, 92, 93, 95
0, 1, 5, 9, 10, 11, 12, 13, 14, 16, 22, 26, 27, 28, 29, 33, 34, 36, 39, 40, 43, 47, 50, 55, 58, 59, 60, 62, 63, 65, 66, 68, 69, 72, 73, 74, 77, 83, 85, 86, 87, 88, 89, 93, 95
0, 1, 2, 3, 4, 9, 10, 11, 12, 13, 14, 18, 19, 20, 21, 24, 25, 27, 28, 32, 34, 36, 37, 38, 39, 40, 41, 42, 43, 45, 46, 47, 48, 50, 51, 52, 53, 54, 55, 56, 57, 58, 60, 61, 62, 64, 65, 66, 67, 71, 72, 73, 75, 77, 80, 81, 82, 83, 84, 85, 88, 90, 91, 92, 95
6, 14, 70, 74
0, 39, 61, 80, 84
15, 31, 63, 64, 88, 89, 91
0, 1, 4, 5, 8, 9, 10, 11, 12, 13, 14, 15, 16, 18, 19, 20, 21, 22, 24, 25, 26, 29, 30, 31, 32, 33, 35, 36, 37, 38, 39, 40, 41, 42, 45, 46, 48, 49, 50, 51, 53, 54, 55, 56, 57, 58, 59, 61, 63, 64, 65, 66, 67, 68, 70, 71, 72, 73, 74, 75, 76, 78, 79, 80, 82, 83, 85, 87, 88, 90, 91, 92, 93
0, 5, 41, 81, 85
0, 3, 8, 11, 28, 32, 33, 37, 39, 71, 82, 94
0, 5, 9, 13, 17, 20, 21, 23, 25, 26, 27, 36, 39, 45, 48, 51, 58, 63, 64, 65, 67, 68, 70, 73, 75, 76, 78, 83, 86, 87, 88
15, 16, 27, 59
0, 10, 28, 77
0, 4, 5, 6, 7, 8, 9, 10, 11, 12, 13, 14, 15, 18, 19, 22, 23, 24, 26, 27, 28, 29, 30, 31, 32, 34, 35, 36, 37, 38, 39, 40, 41, 42, 43, 44, 47, 48, 50, 51, 52, 53, 54, 55, 56, 57, 58, 59, 60, 61, 62, 63, 64, 65, 66, 67, 69, 70, 72, 73, 74, 75, 76, 78, 79, 80, 81, 84, 85, 86, 87, 88, 90, 91, 93, 94, 95
0, 1, 2, 4, 5, 8, 9, 11, 12, 13, 14, 15, 16, 17, 20, 23, 24, 25, 26, 27, 28, 29, 30, 32, 34, 36, 37, 38, 39, 40, 42, 43, 44, 45, 47, 48, 50, 51, 52, 54, 55, 56, 57, 58, 59, 60, 64, 65, 66, 67, 68, 69, 71, 72, 74, 75, 77, 78, 79, 80, 81, 82, 83, 84, 86, 87, 88, 89, 91, 93, 94
0, 22, 52, 91
0, 6, 20, 24, 26, 31, 40, 42, 67, 76, 78, 82, 85, 87, 88
0, 27, 54, 65, 72, 75, 81, 93
0, 18, 19, 57, 64, 69
0, 1, 2, 4, 6, 7, 13, 16, 22, 23, 27, 28, 29, 30, 32, 33, 35, 36, 41, 44, 45, 48, 51, 54, 55, 56, 57, 60, 61, 62, 65, 66, 68, 69, 74, 78, 79, 80, 83, 84, 86, 87, 88, 90, 91, 94
15, 54, 67, 78
0, 1, 2, 4, 5, 7, 10, 12, 15, 16, 17, 19, 21, 22, 24, 25, 26, 29, 32, 33, 36, 37, 42, 43, 44, 45, 46, 47, 48, 49, 50, 53, 54, 55, 56, 60, 61, 62, 64, 65, 66, 67, 69, 70, 71, 73, 75, 77, 78, 79, 83, 86, 87, 88, 90, 92, 93, 95
0, 3, 7, 8, 9, 11, 12, 14, 16, 18, 19, 21, 22, 27, 28, 31, 32, 33, 38, 42, 43, 44, 45, 47, 48, 54, 56, 57, 59, 60, 61, 62, 63, 65, 66, 67, 68, 69, 70, 71, 72, 74, 75, 76, 77, 78, 79, 80, 82, 84, 85, 87, 88, 89, 90, 91, 93
0, 2, 4, 5, 6, 7, 8, 9, 12, 13, 14, 15, 16, 17, 18, 19, 23, 24, 25, 26, 28, 29, 30, 31, 32, 34, 35, 36, 38, 40, 41, 45, 46, 47, 48, 49, 50, 51, 52, 53, 54, 55, 56, 57, 58, 59, 61, 62, 63, 64, 65, 67, 68, 70, 71, 72, 76, 77, 79, 80, 81, 83, 84, 85, 86, 87, 88, 89, 91, 93, 94
0, 32, 71, 87
15, 28, 31, 38, 45, 81, 84
0, 19, 42, 55, 73, 83, 84
0, 2, 3, 6, 7, 8, 9, 10, 11, 16, 17, 18, 19, 21, 23, 24, 26, 27, 28, 29, 30, 31, 32, 35, 36, 38, 39, 42, 43, 45, 46, 48, 49, 53, 56, 58, 59, 60, 63, 64, 66, 68, 71, 72, 74, 75, 78, 79, 81, 85, 86, 88, 90, 91, 93, 94, 95
0, 8, 12, 17, 25, 34, 35, 41, 44, 47, 48, 50, 56, 62, 66, 69, 70, 72, 76, 78, 84
15, 60, 83, 93
0, 25, 74, 82, 88, 94
0, 2, 3, 6, 7, 8, 9, 11, 12, 13, 14, 16, 17, 18, 19, 20, 21, 23, 24, 27, 29, 30, 31, 32, 34, 35, 36, 37, 38, 40, 41, 42, 43, 45, 46, 48, 49, 51, 53, 54, 56, 57, 58, 59, 60, 61, 63, 64, 65, 66, 68, 69, 70, 75, 77, 78, 79, 81, 82, 85, 86, 88, 89, 91, 92, 93, 94, 95
0, 3, 6, 7, 8, 12, 13, 14, 21, 22, 23, 27, 29, 34, 35, 36, 37, 38, 39, 40, 41, 43, 44, 46, 48, 51, 52, 56, 57, 59, 60, 61, 63, 65, 67, 69, 72, 73, 74, 77, 78, 80, 81, 87, 88, 89, 94
0, 24, 81, 84
0, 1, 3, 4, 5, 7, 8, 9, 10, 11, 12, 15, 16, 17, 18, 19, 20, 21, 23, 24, 25, 26, 28, 29, 30, 31, 32, 33, 34, 35, 37, 39, 40, 41, 43, 44, 45, 46, 47, 48, 50, 52, 53, 54, 55, 57, 58, 59, 61, 62, 63, 64, 65, 66, 67, 69, 70, 71, 76, 77, 78, 79, 80, 81, 83, 84, 85, 86, 87, 88, 89, 90, 91, 93, 94, 95
0, 1, 12, 53, 69
15, 60, 62, 81, 89
0, 3, 4, 5, 6, 18, 20, 24, 28, 37, 50, 61, 62, 83, 92
0, 1, 3, 5, 8, 10, 11, 14, 16, 17, 18, 19, 22, 24, 28, 29, 32, 34, 36, 37, 39, 41, 42, 43, 44, 45, 46, 48, 49, 50, 51, 52, 53, 55, 57, 59, 60, 63, 65, 66, 68, 69, 71, 72, 74, 77, 78, 79, 80, 82, 86, 87, 89, 90, 93, 94, 95
0, 2, 5, 7, 13, 14, 15, 28, 30, 36, 40, 46, 54, 55, 59, 60, 64, 66, 67, 71, 74, 77, 78, 79, 81, 91, 93, 94, 95
22, 33, 52, 67
0, 20, 26, 77, 78
0, 1, 2, 3, 4, 5, 6, 7, 9, 10, 11, 12, 13, 14, 15, 16, 18, 19, 20, 21, 22, 23, 24, 26, 27, 28, 29, 30, 32, 34, 35, 36, 37, 38, 39, 40, 41, 42, 44, 45, 46, 47, 48, 49, 50, 53, 55, 56, 57, 58, 60, 61, 62, 63, 64, 65, 66, 67, 68, 69, 70, 71, 72, 73, 74, 75, 76, 78, 80, 81, 82, 84, 85, 86, 87, 88, 89, 90, 91, 92, 93, 94, 95
15, 21, 52, 69, 80
46, 53, 63, 88
15, 44, 53, 72
0, 57, 67, 75, 89
0, 1, 3, 14, 15, 23, 32, 34, 35, 38, 39, 44, 49, 63, 64, 72, 77, 85, 91
0, 1, 3, 6, 7, 11, 12, 13, 14, 16, 18, 19, 20, 22, 23, 24, 25, 29, 30, 31, 33, 35, 36, 37, 39, 41, 43, 44, 45, 46, 47, 48, 50, 51, 52, 56, 57, 60, 62, 65, 66, 67, 68, 69, 70, 71, 72, 74, 75, 76, 77, 78, 80, 81, 83, 87, 88, 89, 90, 91, 92, 93, 94, 95
15, 25, 53, 71, 78, 88
15, 35, 40, 45, 71
0, 4, 38, 94
0, 3, 41, 79
0, 1, 2, 4, 6, 7, 8, 10, 12, 14, 15, 16, 17, 19, 20, 21, 22, 23, 24, 25, 27, 28, 29, 30, 32, 33, 34, 35, 36, 37, 39, 40, 41, 42, 43, 46, 48, 49, 50, 53, 55, 58, 59, 60, 61, 62, 63, 64, 66, 67, 69, 70, 71, 72, 74, 76, 77, 78, 79, 80, 82, 83, 84, 86, 87, 89, 90, 92, 93, 94, 95
32, 54, 55, 56
0, 6, 27, 63, 66, 71, 74
0, 18, 23, 47, 77, 81
1, 31, 32, 73, 85, 89
1, 2, 3, 4, 5, 6, 7, 8, 9, 10, 11, 12, 13, 14, 15, 16, 17, 18, 19, 20, 21, 22, 23, 26, 27, 28, 29, 30, 31, 32, 33, 34, 35, 36, 37, 38, 39, 40, 41, 42, 43, 44, 45, 46, 47, 48, 49, 50, 52, 53, 54, 55, 56, 57, 59, 60, 61, 62, 63, 64, 65, 66, 67, 68, 69, 70, 71, 72, 73, 74, 75, 76, 77, 78, 79, 80, 81, 82, 83, 84, 85, 86, 87, 88, 89, 90, 91, 92, 93, 94, 95
1, 46, 53, 87, 90
1, 17, 18, 20, 21, 26
15, 21, 64, 67, 77
1, 2, 27, 62
1, 50, 52, 80, 90
1, 34, 35, 45, 48
1, 15, 22, 26, 72, 94
15, 21, 32, 50, 69, 73, 83
1, 5, 6, 17, 27, 38, 58, 65, 67, 71, 77, 81, 88
1, 24, 36, 55, 78, 79
15, 17, 25, 49, 81, 84
15, 28, 29, 35, 44
1, 6, 13, 25, 26
1, 34, 37, 40, 86
15, 29, 74, 76
1, 18, 36, 71
15, 67, 68, 88, 90, 93
15, 20, 21, 68, 71
1, 12, 20, 25, 37, 41, 43, 48, 49, 53, 59, 63, 77, 84, 85, 87, 93, 95
1, 8, 20, 22, 54, 59, 87
32, 39, 71, 80
1, 16, 21, 24, 26
15, 36, 53, 69, 85
1, 13, 14, 15, 18, 21, 26, 52, 75, 77, 87
1, 33, 43, 46, 53, 61, 72, 75, 84
15, 47, 52, 95
1, 15, 17, 45, 58, 67, 68, 71, 89
1, 10, 88, 93, 95
1, 6, 13, 17, 22, 41, 61, 62, 82, 85, 86, 87
1, 2, 4, 9, 11, 13, 14, 15, 19, 21, 23, 25, 33, 40, 44, 46, 47, 48, 54, 56, 57, 58, 67, 73, 74, 75, 81, 84, 87, 89
1, 57, 61, 64, 68, 74, 78
1, 13, 35, 63, 70, 91
15, 24, 46, 66
1, 7, 11, 52, 89
1, 3, 14, 15, 24, 46, 79
1, 2, 3, 6, 7, 8, 10, 11, 12, 14, 15, 17, 19, 21, 22, 24, 26, 31, 32, 33, 34, 35, 37, 38, 39, 40, 42, 43, 44, 45, 47, 48, 49, 54, 55, 56, 58, 59, 62, 63, 64, 65, 66, 68, 69, 70, 71, 72, 74, 76, 79, 80, 84, 85, 86, 87, 88, 90, 91, 92, 93, 95
15, 20, 82, 89
1, 3, 22, 35, 39, 40, 43, 53, 56, 57, 60, 63, 64, 68, 73, 77, 84, 90, 93
15, 65, 66, 78
1, 12, 27, 43, 73
1, 64, 81, 95
1, 12, 34, 42, 92
1, 8, 11, 34, 35, 39, 43, 49, 53, 54, 57, 60, 63, 65, 66, 74, 82, 86, 88, 94
1, 4, 5, 7, 9, 10, 11, 13, 15, 16, 17, 18, 23, 25, 26, 29, 33, 34, 35, 36, 37, 39, 40, 43, 44, 46, 48, 49, 50, 54, 55, 56, 60, 61, 65, 66, 72, 74, 79, 83, 84, 86, 87, 88, 89, 90, 91, 92
15, 39, 42, 45, 73
1, 53, 71, 92
1, 31, 35, 39, 92
1, 31, 50, 59, 77, 80
1, 3, 6, 7, 9, 11, 12, 13, 16, 18, 19, 21, 22, 27, 30, 34, 35, 37, 40, 46, 47, 49, 53, 56, 62, 65, 66, 68, 70, 71, 75, 76, 81, 83, 86, 87, 89, 90, 92, 93
15, 30, 62, 66
15, 30, 73, 83
1, 12, 20, 24, 44, 74, 82
1, 12, 20, 37, 41, 43, 48, 49, 53, 59, 63, 77, 84, 85, 87, 93, 95
1, 13, 20, 40, 49, 56, 68, 80, 84, 88, 90
1, 27, 42, 75
15, 43, 62, 90
1, 14, 44, 76, 78, 87, 93
15, 31, 45, 72
1, 19, 30, 46, 50, 80, 81, 83
1, 2, 52, 54, 56, 64
1, 34, 37, 40, 42, 63, 90
1, 20, 45, 57
1, 12, 49, 61, 67, 87
1, 12, 15, 21, 29, 43, 45, 54, 59, 65, 66, 87
1, 46, 60, 79, 87
1, 17, 23, 54, 60, 62, 71, 79, 82, 91
1, 15, 66, 77
1, 31, 35, 39, 92
14, 17, 40, 43, 77, 81, 88
1, 7, 14, 87
1, 23, 38, 41, 72
1, 42, 58, 67
1, 43, 66, 75, 78
15, 26, 32, 52, 53, 55, 57, 63, 87
1, 8, 30, 41
1, 6, 9, 11, 12, 15, 16, 17, 18, 19, 21, 23, 27, 29, 30, 31, 33, 34, 36, 39, 40, 45, 46, 54, 58, 60, 61, 62, 64, 65, 66, 69, 71, 74, 78, 79, 80, 88, 89, 90, 91, 92, 93, 95
1, 43, 45, 68
15, 22, 25, 28, 36, 53, 54, 55, 69, 71, 76, 83, 84, 85, 86, 92
15, 20, 23, 38, 47, 55, 63, 66, 67, 86, 89, 91, 94
1, 2, 22, 36, 37, 50, 74, 78, 84, 85
1, 42, 55, 66
16, 46, 58, 92
1, 34, 47, 62, 71, 89
1, 2, 3, 6, 8, 11, 12, 13, 15, 18, 19, 20, 22, 24, 25, 26, 28, 29, 30, 31, 32, 35, 36, 38, 41, 42, 44, 46, 47, 49, 50, 54, 56, 57, 59, 61, 62, 63, 67, 69, 72, 73, 74, 76, 80, 81, 83, 85, 86, 89, 90, 91, 93, 95
1, 14, 22, 46, 52, 77
15, 18, 28, 32, 56, 63, 69, 81, 83
1, 13, 16, 45, 88
32, 50, 92, 95
15, 20, 26, 45, 52, 55
1, 12, 49, 61, 67, 87
1, 6, 14, 60, 70, 82
1, 4, 19, 34, 36, 47, 48, 55
15, 23, 57, 58, 86
1, 38, 74, 90
50, 66, 80, 85, 88
1, 4, 16, 55, 83, 89
1, 10, 19, 61, 66, 74, 79, 84
1, 4, 5, 12, 18, 22, 24, 25, 26, 28, 30, 31, 33, 34, 37, 39, 45, 46, 55, 59, 69, 70, 75, 77, 78, 79, 83, 84, 90, 93, 94
1, 16, 38, 39, 44, 95
1, 10, 13, 28, 42, 44, 46, 55, 64, 65, 69, 87
1, 40, 52, 67, 69
1, 13, 14, 15, 18, 21, 26, 52, 75, 77, 87
34, 44, 45, 46, 53, 84, 91
1, 3, 4, 36, 38, 77, 86, 92
1, 7, 10, 15, 27, 35
1, 3, 19, 23, 24, 25, 29, 36, 47, 48, 49, 54, 67, 70, 75, 85, 89, 95
1, 2, 3, 5, 6, 7, 8, 11, 13, 16, 17, 19, 21, 24, 25, 29, 31, 32, 33, 35, 36, 40, 45, 46, 47, 48, 52, 53, 54, 57, 61, 62, 64, 72, 78, 80, 82, 83, 84, 85, 86, 91, 93, 94, 95
1, 6, 9, 16, 29, 38, 46, 52, 53, 56, 60, 62, 66, 83, 89, 90, 92
32, 36, 91, 95
15, 21, 25, 37, 44, 53, 64, 68
1, 35, 37, 89
1, 12, 30, 64, 68, 81, 83, 85, 88, 95
15, 26, 58, 79
1, 3, 75, 95
1, 66, 86, 90
1, 5, 28, 74
1, 7, 11, 38, 52, 82, 89
1, 5, 28, 74
1, 2, 3, 4, 5, 6, 7, 8, 9, 11, 13, 14, 15, 16, 18, 19, 21, 24, 25, 26, 28, 30, 31, 36, 37, 38, 40, 41, 42, 43, 44, 46, 48, 50, 52, 53, 55, 56, 57, 62, 63, 65, 66, 67, 68, 69, 70, 71, 72, 73, 74, 75, 76, 77, 80, 81, 82, 83, 85, 86, 87, 88, 90, 91, 92, 94
1, 12, 14, 16, 21, 22, 24, 27, 31, 32, 38, 40, 47, 53, 54, 56, 57, 61, 65, 66, 76, 80, 85, 93
15, 56, 63, 64
1, 2, 4, 5, 8, 10, 15, 16, 34, 36, 40, 60, 63, 72, 73, 94, 95
1, 7, 8, 24, 31, 34, 36, 41, 44, 48, 50, 54, 57, 64, 67, 74, 75, 79, 82, 87
52, 79, 80, 93
1, 17, 52, 55, 70, 78
1, 23, 64, 78, 85
1, 64, 65, 68, 84
1, 5, 25, 27, 31, 34, 36, 41, 46, 53, 57, 60, 61, 65, 66, 77
52, 61, 66, 69, 85
1, 36, 43, 82, 87
1, 21, 41, 76, 79
1, 2, 4, 5, 8, 10, 15, 16, 34, 36, 40, 60, 63, 72, 73, 94, 95
31, 42, 47, 73, 88, 94
32, 34, 61, 83
1, 9, 15, 28, 39, 41, 60
1, 13, 17, 21, 26, 50, 65, 70, 94
1, 9, 17, 20, 26, 31, 45, 65, 89
52, 83, 87, 95
32, 36, 61, 85
15, 26, 32, 40, 71, 86
1, 2, 5, 9, 12, 15, 24, 25, 28, 33, 36, 43, 45, 51, 61, 63, 65, 68, 69, 77, 82, 83, 85, 89, 93
70, 71, 83, 89
1, 2, 3, 9, 29, 30, 74, 80, 83, 90
14, 54, 72, 90
1, 8, 13, 15, 16, 20, 21, 22, 26, 32, 36, 41, 42, 44, 47, 52, 57, 58, 59, 61, 68, 73, 74, 79, 80, 85, 91, 92, 93, 95
52, 71, 84, 85
1, 13, 19, 40, 53, 71, 95
15, 21, 64, 67, 77
1, 49, 61, 65, 92
1, 58, 73, 76
15, 18, 64, 71, 94
15, 16, 18, 27, 50, 57, 59
1, 13, 22, 37, 65, 83, 88
1, 2, 9, 10, 14, 15, 22, 36, 38, 47, 58, 70, 71, 73, 74, 82
1, 12, 13, 23, 45, 46
1, 28, 34, 37, 74, 84
32, 34, 78, 87
15, 18, 64, 71, 77, 94
15, 22, 67, 87, 90
1, 29, 31, 32, 35, 40, 46, 52, 58, 65, 66, 67, 90, 91, 93, 94
4, 8, 18, 31, 42, 85
1, 50, 60, 93
1, 4, 42, 90
1, 9, 93, 95
32, 34, 59, 80, 94
1, 2, 9, 10, 16, 17, 22, 23, 28, 33, 34, 35, 36, 40, 42, 43, 44, 45, 46, 48, 50, 52, 55, 62, 63, 65, 81, 84, 90, 94
1, 14, 42, 53, 64, 68, 74, 82, 92
1, 2, 5, 6, 7, 8, 9, 10, 11, 12, 15, 16, 17, 18, 19, 20, 21, 22, 24, 25, 26, 29, 30, 32, 33, 34, 35, 36, 38, 40, 42, 44, 46, 50, 52, 53, 54, 55, 56, 57, 59, 60, 61, 62, 66, 67, 68, 70, 71, 75, 76, 79, 80, 81, 82, 85, 86, 89, 90, 91, 92, 95
15, 24, 64, 81
15, 24, 46, 50, 56, 58, 70, 76, 77, 83, 84, 86, 88, 90
32, 58, 80, 95
1, 15, 18, 19, 36, 49, 57, 73, 87
1, 10, 88, 93, 95
1, 5, 12, 16, 50, 68, 86
1, 19, 25, 55
15, 27, 45, 59
1, 5, 15, 36
32, 34, 52, 65, 89, 91
1, 16, 42, 62, 72, 88
15, 18, 23, 25, 38, 84
1, 15, 37, 43, 50, 61, 76, 79
1, 4, 6, 10, 13, 16, 18, 19, 21, 23, 25, 27, 28, 30, 32, 35, 36, 41, 42, 43, 46, 52, 54, 55, 57, 58, 60, 62, 64, 67, 73, 81, 83, 85, 86, 87, 89, 91, 94
15, 28, 36, 62, 70, 80
1, 4, 6, 22, 35, 47, 60, 62
1, 6, 28, 33, 52, 93, 94
1, 14, 59, 84
1, 8, 9, 16, 22, 24, 27, 32, 40, 43, 44, 48, 50, 53, 60, 62, 70, 78, 80, 88, 91, 93, 95
1, 8, 18, 33, 46, 53, 54, 86
1, 13, 57, 68, 77, 84, 86, 90
1, 7, 70, 77
52, 77, 83, 87, 95
1, 4, 41, 61, 87
15, 38, 49, 80, 89
1, 13, 21, 25, 26, 31, 80, 81
1, 11, 23, 31, 36, 39, 40, 42, 48, 56, 57, 65, 67, 70, 76, 77, 91, 92
1, 37, 47, 67, 73, 94
1, 19, 39, 45, 47, 52, 57, 66, 71, 72, 73, 75, 82, 86, 89, 91, 95
1, 3, 5, 9, 16, 17, 18, 20, 21, 23, 27, 28, 34, 39, 40, 41, 42, 44, 48, 50, 53, 57, 58, 59, 62, 63, 66, 67, 69, 71, 74, 76, 80, 81, 84, 86, 89, 94, 95
1, 27, 74, 88
1, 6, 31, 44, 57, 58, 59, 61, 77
1, 29, 30, 45, 55, 71, 77, 82, 89
1, 29, 60, 64
1, 4, 6, 22, 35
32, 36, 54, 82, 91
36, 37, 39, 58, 65, 82
1, 3, 18, 38, 60, 70, 95
32, 36, 50, 53, 61, 66, 72, 85, 86
1, 5, 12, 14, 18, 20, 22, 24, 26, 29, 30, 31, 38, 39, 48, 54, 57, 66, 69, 75, 84, 89
15, 39, 42, 45, 73
1, 19, 24, 25, 36, 49, 74, 78, 82
1, 13, 25, 26, 53, 83
1, 18, 26, 38, 92
1, 30, 45, 88
1, 31, 33, 44, 60, 88
15, 19, 22, 24, 30, 40, 47, 53, 64, 68, 73, 75, 83, 88, 92
1, 29, 30, 45, 55, 71, 77, 82, 89
1, 5, 16, 72, 78, 91, 95
1, 6, 32, 45, 54, 56, 57, 90
1, 2, 3, 4, 7, 9, 11, 21, 22, 27, 33, 35, 36, 44, 47, 53, 55, 56, 57, 64, 65, 66, 73, 75, 84, 89, 90, 91, 93
15, 37, 41, 44, 50, 62, 90
1, 3, 44, 64, 80
1, 9, 10, 42, 78, 79, 91
1, 9, 18, 20, 21, 29, 32, 33, 55, 57, 64, 82, 88
1, 22, 29, 30, 60, 70, 88
1, 33, 34, 46, 57
1, 5, 43, 58
1, 9, 40, 59, 66
15, 18, 46, 57, 94
1, 3, 12, 13, 15, 28, 30, 32, 37, 41, 42, 46, 47, 48, 52, 53, 54, 59, 60, 61, 62, 66, 68, 73, 84, 85, 86, 89, 90, 91, 92, 93
1, 18, 40, 78
1, 3, 49, 72, 78, 87
1, 33, 40, 45, 61, 91
1, 9, 36, 41, 90
1, 26, 44, 50, 52, 80, 93
1, 9, 16, 74
1, 7, 37, 40, 48, 68, 69, 95
15, 25, 32, 71, 84
1, 12, 19, 20, 22, 23, 35, 36, 44, 46, 52, 53, 66, 70, 76, 80, 83, 84, 86, 87, 89, 91, 93, 95
1, 38, 42, 57, 71
1, 20, 28, 29, 55, 61
1, 5, 17, 19, 25, 33, 34, 44, 48, 56, 57, 60, 64, 68, 69, 84, 90
1, 19, 30, 46, 50, 80, 81, 83
15, 31, 38, 45, 81, 84
1, 3, 75, 95
1, 22, 28, 31, 40, 61, 90
15, 20, 26, 45, 52, 55
1, 19, 24, 52, 65, 71
1, 26, 29, 52, 56, 59, 89, 91, 94
15, 20, 24, 28, 32, 38, 40, 61, 85, 94
32, 58, 80, 95
32, 70, 71, 78
1, 24, 25, 50, 56, 59, 60, 61, 66, 67, 87, 88
15, 35, 47, 57, 70, 83, 93
1, 15, 18, 19, 36, 49, 57, 73, 87
15, 23, 43, 47, 53, 71, 86, 91
1, 2, 6, 13, 14, 23, 35, 44, 48, 53, 54, 55, 67, 71, 74, 81, 84, 86, 88, 89
32, 36, 37, 39, 41, 76, 91
1, 15, 20, 25, 69, 92
1, 32, 92, 95
15, 17, 33, 59, 61, 75, 78, 86
1, 38, 41, 59, 74, 87
15, 62, 81, 89
1, 2, 6, 14, 16, 18, 21, 22, 24, 28, 31, 34, 35, 45, 46, 56, 61, 62, 70, 74, 83, 85, 91, 93
15, 16, 23, 54, 58, 67, 80
1, 7, 14, 18, 19, 22, 23, 24, 30, 31, 40, 42, 56, 64, 81, 90, 94
32, 33, 52, 72, 73, 78, 84, 93
1, 6, 13, 50, 60
1, 6, 54, 69, 75
14, 19, 21, 26, 68, 72
15, 21, 36, 68, 87
15, 44, 75, 82, 85, 89
1, 8, 15, 36, 37, 47, 53, 54, 58, 66, 79, 86, 87, 95
1, 39, 41, 84
1, 15, 84, 88
32, 42, 55, 73, 95
1, 5, 7, 9, 12, 14, 16, 18, 23, 24, 25, 26, 27, 31, 33, 35, 38, 42, 43, 44, 46, 48, 52, 54, 56, 58, 60, 61, 62, 64, 65, 66, 67, 68, 74, 78, 83, 87, 88, 89, 91, 92, 94
1, 5, 6, 12, 13, 14, 17, 19, 20, 22, 23, 28, 32, 33, 34, 35, 42, 43, 45, 46, 47, 49, 52, 59, 60, 61, 62, 67, 69, 70, 73, 75, 78, 79, 82, 86, 87, 90, 91, 93
1, 18, 20, 48, 64, 69, 70, 74, 76, 80, 85, 89
32, 33, 37, 39, 82
1, 4, 26, 43, 82
1, 4, 5, 17, 18, 46, 54, 56, 71, 74, 82, 88
1, 2, 4, 5, 8, 9, 10, 11, 14, 15, 18, 20, 21, 25, 27, 30, 31, 36, 38, 39, 40, 44, 46, 47, 48, 50, 55, 58, 59, 66, 67, 72, 74, 76, 77, 81, 82, 83, 85, 87, 88, 89, 91
15, 62, 69, 85
1, 38, 49, 73
1, 28, 77, 79
32, 58, 80, 95
1, 26, 71, 72
15, 19, 49, 51, 67, 68, 73, 80, 82
1, 41, 60, 88
1, 17, 41, 73
1, 23, 54, 84
15, 18, 25, 27, 32, 36, 39, 46, 47, 48, 50, 51, 67, 72, 81, 90, 95
1, 2, 3, 5, 6, 7, 11, 15, 19, 27, 28, 29, 30, 32, 35, 36, 38, 39, 40, 42, 44, 46, 47, 48, 49, 51, 52, 53, 54, 55, 56, 57, 58, 59, 62, 66, 68, 71, 72, 74, 79, 81, 82, 83, 84, 85, 87, 88, 89, 90, 92, 93, 94
15, 19, 23, 38, 50, 69, 78
15, 48, 50, 57
1, 10, 28, 39, 49, 60, 71, 73, 76, 79, 84
15, 29, 46, 54, 55, 70, 79, 89
1, 2, 3, 5, 6, 7, 8, 11, 13, 16, 21, 32, 33, 36, 40, 45, 46, 47, 48, 52, 53, 54, 57, 61, 62, 64, 72, 78, 83, 85, 86, 91, 93, 95
1, 13, 57, 68, 77, 84, 86, 90
15, 29, 34, 38, 48, 49, 64, 77
1, 7, 25, 32, 77, 81
15, 23, 57, 58, 86
15, 24, 50, 58, 77
1, 48, 60, 63
1, 7, 10, 15, 16, 27, 35, 46
15, 44, 59, 68
1, 11, 18, 45, 56, 64, 69
15, 27, 37, 84
15, 21, 24, 47, 81
34, 68, 89, 94
15, 65, 66, 78
1, 7, 25, 81
1, 46, 60, 79
1, 13, 50, 56, 85
1, 22, 74, 87
15, 37, 69, 76
1, 2, 3, 5, 6, 7, 8, 9, 10, 11, 12, 13, 15, 16, 18, 19, 20, 22, 23, 26, 27, 28, 30, 31, 33, 34, 35, 36, 37, 38, 40, 42, 43, 44, 45, 47, 48, 50, 52, 53, 54, 55, 56, 57, 59, 60, 61, 62, 63, 64, 66, 68, 69, 70, 71, 72, 73, 74, 76, 77, 78, 79, 80, 81, 82, 83, 85, 87, 88, 89, 90, 91, 92, 93, 94, 95
1, 8, 17, 45, 85
15, 70, 74, 82
1, 13, 35, 41
34, 54, 60, 77
1, 28, 31, 36, 54, 60, 63, 85
15, 32, 33, 77
4, 13, 14, 17, 34, 49, 56, 73, 83
1, 2, 5, 6, 7, 8, 9, 10, 11, 12, 15, 16, 17, 18, 19, 20, 21, 22, 24, 25, 26, 29, 30, 32, 33, 34, 35, 36, 38, 40, 42, 44, 46, 50, 52, 53, 54, 55, 56, 57, 59, 60, 61, 62, 66, 67, 68, 70, 71, 75, 76, 79, 80, 81, 82, 85, 86, 88, 89, 90, 91, 92, 95
1, 21, 22, 24, 28, 37, 59, 62, 70, 91
15, 24, 67, 74, 79, 90
32, 70, 88, 92
1, 3, 7, 8, 9, 10, 12, 13, 14, 15, 16, 18, 20, 21, 25, 27, 28, 29, 30, 31, 36, 39, 42, 47, 48, 49, 50, 52, 53, 54, 55, 57, 59, 62, 63, 64, 66, 68, 69, 73, 75, 76, 79, 80, 81, 82, 84, 86, 89, 95
1, 4, 7, 9, 18, 23, 24, 25, 28, 31, 34, 40, 44, 45, 46, 48, 50, 56, 57, 60, 77, 78, 84, 91, 94, 95
15, 29, 53, 72, 76
15, 29, 73, 79, 94
1, 12, 49, 61, 67, 87
1, 2, 6, 9, 13, 14, 23, 25, 28, 30, 34, 41, 50, 52, 54, 60, 67, 69, 71, 78, 79, 81, 87, 88, 91
72, 80, 82, 88, 94
1, 3, 6, 13, 16, 19, 20, 30, 34, 42, 53, 56, 59, 71, 76, 79, 87, 88, 89, 91
14, 45, 75, 78
1, 29, 31, 65, 73, 79
1, 16, 24, 75, 81
15, 17, 52, 60, 66, 71, 79, 89
15, 40, 54, 61, 78
1, 27, 79, 84, 88
1, 20, 25, 27, 64
15, 23, 65, 90
1, 8, 14, 37, 46
15, 40, 55, 78
1, 34, 37, 86
16, 29, 68, 81, 83
1, 3, 5, 17, 24, 25, 44, 48, 49, 50, 60, 74, 77, 80, 84, 85, 89, 95
16, 20, 23, 42, 45, 61
1, 17, 43, 46, 54, 85
1, 34, 77, 87
1, 2, 12, 15, 19, 32, 36, 40, 49, 69, 72, 86
16, 32, 42, 45, 54, 68, 74
1, 10, 18, 23, 36, 41, 46, 52, 60, 79, 88, 90, 95
1, 3, 5, 6, 7, 15, 16, 30, 66, 80
1, 43, 46, 54, 67, 77, 91
1, 26, 52, 64, 65, 86
1, 2, 38, 63, 78
1, 28, 62, 74, 76
1, 2, 6, 37, 40, 46, 55, 71, 72, 75, 82, 83, 93
1, 2, 4, 5, 7, 8, 9, 11, 12, 13, 14, 15, 16, 17, 18, 19, 22, 23, 24, 25, 26, 27, 28, 29, 30, 31, 32, 33, 36, 38, 41, 42, 43, 46, 48, 49, 50, 52, 53, 54, 55, 56, 57, 58, 59, 60, 61, 63, 64, 65, 66, 67, 69, 71, 77, 78, 79, 80, 81, 83, 84, 85, 86, 87, 88, 90, 91, 92, 93, 94, 95
1, 12, 37, 41, 76, 95
1, 21, 31, 40, 50, 60, 62, 75, 90
1, 26, 29, 45, 52, 56, 59, 89, 91, 94
16, 24, 67, 87
16, 27, 28, 42, 44, 45, 47, 55, 65, 68
16, 33, 50, 68, 77, 78, 79
1, 7, 13, 15, 22, 71
16, 21, 30, 70
1, 6, 17, 82, 86
1, 11, 14, 18, 33, 34, 35, 36, 37, 42, 45, 48, 57, 62, 70, 71, 75, 77, 81, 84, 86, 92
28, 57, 64, 95
16, 45, 48, 49, 54, 79
1, 3, 6, 11, 13, 16, 20, 21, 24, 26, 29, 30, 32, 34, 37, 39, 43, 44, 45, 52, 55, 56, 58, 65, 66, 74, 80, 88, 91
2, 10, 27, 28, 62, 72, 74
16, 28, 38, 40, 43, 54, 57, 91
1, 14, 15, 23, 34, 35, 38, 39, 44, 49, 63, 64, 72, 77, 85, 91
16, 47, 59, 71
1, 4, 48, 53, 94
33, 39, 72, 89
1, 6, 8, 14, 16, 19, 21, 22, 28, 30, 32, 38, 42, 47, 48, 52, 54, 55, 62, 63, 64, 68, 76, 81, 86, 87, 89, 92, 93
1, 2, 8, 10, 16, 19, 20, 27, 34, 39, 42, 52, 55, 72, 87, 92
33, 40, 75, 87, 89
19, 32, 43, 48, 56, 62, 64, 68, 88, 89, 95
1, 16, 19, 22, 36, 44, 60, 62, 65, 72, 73, 74, 77, 84, 87, 88
1, 5, 36, 80
14, 31, 57, 67, 81
33, 36, 46, 56
1, 2, 3, 4, 5, 6, 7, 8, 11, 12, 13, 14, 15, 17, 18, 19, 20, 21, 22, 23, 24, 27, 29, 30, 31, 32, 34, 35, 37, 38, 39, 40, 41, 42, 44, 45, 46, 47, 48, 49, 51, 52, 53, 54, 55, 56, 57, 58, 60, 61, 62, 64, 65, 66, 67, 68, 69, 70, 71, 72, 73, 74, 75, 76, 77, 78, 79, 80, 81, 82, 83, 85, 86, 87, 88, 89, 90, 91, 92, 93, 94, 95
16, 19, 24, 43, 92
1, 14, 57, 74, 78
1, 2, 78, 79
1, 38, 39, 95
1, 29, 30, 45, 55, 71, 77, 82, 89
1, 19, 24, 52, 71
1, 39, 70, 91
1, 5, 11, 37, 50, 57
1, 21, 31, 67, 88, 94
16, 17, 32, 47, 48, 60
1, 4, 5, 6, 10, 12, 20, 21, 26, 27, 32, 36, 39, 41, 42, 46, 47, 49, 50, 51, 52, 55, 56, 57, 58, 67, 68, 69, 70, 71, 74, 76, 79, 81, 83, 84, 85, 86, 89, 91, 95
1, 38, 42, 57
1, 33, 34, 46, 57, 68
1, 6, 12, 21, 28, 29, 33, 35, 39, 46, 48, 52, 59, 60, 61, 69, 72, 73, 76, 81, 84, 85, 88, 90, 91, 93, 94
1, 2, 8, 13, 16, 20, 21, 30, 32, 34, 60, 61, 66, 68
1, 3, 4, 5, 8, 12, 14, 16, 21, 24, 27, 29, 30, 32, 33, 34, 37, 42, 45, 47, 48, 52, 55, 60, 62, 65, 68, 69, 71, 72, 81, 82, 84, 86, 87, 89, 92, 95
1, 21, 39, 40, 41, 47, 49, 76, 92, 94
1, 4, 55, 65
1, 54, 64, 84
16, 52, 61, 64, 78, 88, 89
1, 17, 18, 53, 58, 64, 74, 79, 81, 95
1, 55, 66, 67, 68, 69, 90
1, 12, 16, 42, 53
33, 40, 57, 72, 77
1, 15, 36, 45, 76
1, 6, 12, 21, 28, 35, 39, 46, 48, 52, 59, 60, 76, 84, 90, 91, 93, 94
1, 5, 17, 19, 25, 33, 34, 44, 48, 56, 57, 60, 64, 69, 90
1, 6, 54, 75
1, 12, 13, 58
1, 5, 61, 68, 71, 74, 77, 90, 95
16, 19, 44, 46, 53, 61, 87
1, 26, 29, 78, 92
1, 8, 15, 21, 58, 62, 64, 67, 69, 75, 86
16, 34, 55, 68
1, 23, 68, 75, 86
1, 3, 7, 8, 9, 10, 13, 15, 18, 21, 25, 27, 28, 29, 30, 36, 42, 45, 47, 49, 50, 52, 53, 54, 55, 56, 57, 62, 63, 64, 66, 68, 69, 70, 75, 76, 77, 78, 79, 80, 81, 82, 86, 89, 95
33, 46, 67, 78, 86, 87
33, 36, 60, 77, 84, 87
1, 7, 14, 24, 31, 33, 35, 40, 42, 48, 56, 60, 61, 62, 64, 72, 78, 83, 87, 91, 94
1, 24, 35, 54
1, 2, 8, 13, 20, 30, 61, 68
1, 8, 15, 36, 37, 47, 53, 54, 58, 66, 79, 86, 87, 95
33, 40, 49, 72
1, 5, 12, 14, 18, 20, 22, 24, 26, 29, 30, 31, 38, 39, 48, 54, 57, 66, 69, 75, 89
1, 10, 11, 48, 59
1, 22, 28, 31, 40, 61, 90
16, 23, 29, 34, 35, 48
16, 19, 24, 40, 42, 48, 49, 52, 58, 69, 70, 73, 79, 80, 87, 89, 90, 95
1, 57, 79, 89
1, 31, 50, 59, 77, 80
1, 10, 21, 34
16, 28, 45, 74
16, 21, 22, 48, 82
1, 35, 37, 42, 59, 81, 90
33, 44, 56, 88, 94
1, 2, 5, 6, 7, 8, 9, 10, 11, 14, 15, 16, 18, 19, 20, 21, 22, 23, 24, 26, 27, 28, 29, 30, 31, 32, 33, 34, 38, 39, 40, 41, 43, 44, 45, 46, 47, 50, 51, 52, 53, 54, 56, 57, 58, 59, 60, 61, 62, 63, 64, 65, 66, 69, 70, 71, 72, 73, 74, 75, 76, 77, 78, 79, 80, 81, 83, 87, 88, 89, 93, 95
52, 64, 76, 91
16, 59, 71, 72
1, 7, 37, 60, 83
1, 9, 25, 41, 44, 56, 62, 75, 86, 95
1, 2, 3, 4, 5, 6, 8, 10, 11, 12, 13, 14, 16, 17, 19, 20, 21, 23, 24, 25, 27, 29, 30, 31, 32, 33, 34, 35, 36, 37, 40, 41, 42, 43, 44, 45, 46, 47, 48, 50, 51, 52, 54, 55, 56, 57, 59, 61, 62, 63, 64, 65, 66, 67, 68, 69, 70, 71, 72, 73, 74, 76, 77, 78, 79, 80, 81, 83, 86, 88, 89, 90, 91, 92, 94, 95
1, 2, 8, 10, 16, 18, 19, 20, 24, 27, 34, 39, 42, 46, 52, 55, 60, 72, 82, 87, 90, 92
1, 5, 13, 22, 28, 30, 35, 41, 47, 61, 68, 70, 80, 86, 92
16, 31, 33, 39, 73, 78, 85, 88, 94
16, 45, 50, 56
1, 9, 28, 62, 74, 76
16, 20, 37, 44, 47, 49, 54, 61, 79, 93
1, 2, 25, 33, 48, 52, 55, 61, 88, 94
16, 20, 34, 45, 56, 60, 71, 80, 84
14, 63, 65, 67, 83
1, 7, 58, 75
1, 8, 14, 37, 46
16, 32, 47, 48, 49, 62, 81
33, 60, 68, 92
1, 9, 23, 42, 54, 61
1, 2, 3, 4, 6, 8, 10, 11, 13, 14, 15, 17, 19, 20, 21, 22, 24, 25, 26, 27, 28, 29, 33, 34, 35, 36, 37, 38, 40, 41, 42, 43, 46, 47, 48, 49, 50, 51, 52, 53, 54, 56, 57, 58, 60, 61, 62, 63, 64, 65, 66, 67, 68, 69, 70, 72, 73, 74, 75, 77, 78, 79, 80, 84, 86, 88, 89, 90, 91, 92, 93, 95
1, 20, 66, 79
1, 2, 25, 37, 39, 56, 61, 71, 79, 83, 86
16, 37, 42, 55, 61, 62, 83
1, 2, 25, 37, 39, 56, 61, 64, 68, 71, 79, 83, 86, 95
16, 28, 31, 71
1, 30, 57, 60, 70, 89
33, 36, 76, 78
1, 3, 4, 8, 9, 10, 12, 13, 14, 16, 17, 18, 21, 22, 24, 25, 29, 36, 37, 39, 41, 42, 43, 44, 45, 46, 47, 48, 49, 50, 51, 52, 54, 55, 56, 58, 59, 60, 63, 64, 66, 67, 69, 71, 72, 75, 77, 78, 79, 82, 85, 87, 88, 90, 91, 92, 93, 94, 95
1, 10, 13, 14, 16, 37, 62, 72, 73, 74, 78, 84, 87, 94
1, 22, 30, 32, 64
1, 23, 31, 44, 53, 54, 55, 68, 71, 83
16, 42, 47, 50, 65, 71, 92
1, 2, 3, 4, 5, 6, 7, 9, 10, 11, 12, 13, 14, 15, 17, 18, 19, 20, 21, 23, 24, 26, 27, 28, 29, 30, 31, 33, 35, 36, 37, 39, 40, 41, 42, 43, 44, 45, 46, 47, 49, 50, 51, 52, 53, 54, 56, 57, 58, 59, 60, 62, 63, 64, 65, 66, 67, 68, 69, 70, 71, 72, 73, 74, 75, 76, 78, 79, 80, 81, 82, 83, 84, 85, 86, 87, 88, 89, 90, 91, 92, 93, 94, 95
52, 81, 88, 92
16, 29, 46, 74, 93
1, 30, 34, 71
1, 30, 87, 91
16, 21, 22, 29, 34, 36, 48
1, 3, 26, 39, 45, 76, 80, 85, 91, 95
1, 7, 8, 13, 16, 17, 24, 31, 32, 37, 38, 41, 43, 45, 50, 51, 52, 60, 62, 65, 66, 67, 69, 71, 73, 78, 81, 82, 84, 89, 93, 94, 95
16, 28, 59, 61, 75, 90
41, 70, 75, 89
1, 21, 42, 52, 55
1, 4, 16, 55, 83, 89
16, 34, 42, 67, 74, 75, 87, 90
1, 49, 58, 64, 66
33, 34, 47, 64, 85
1, 12, 22, 23, 35, 36, 44, 46, 52, 53, 66, 76, 86, 87, 91
1, 2, 7, 15, 61, 67, 76, 85
1, 4, 7, 18, 24, 28, 32, 33, 52, 57, 61, 65, 67, 69, 94
16, 68, 72, 74
1, 3, 4, 7, 11, 12, 14, 17, 21, 24, 25, 27, 29, 30, 32, 39, 41, 43, 45, 47, 48, 49, 50, 51, 53, 54, 55, 56, 59, 62, 63, 66, 69, 70, 75, 76, 78, 81, 85, 88, 89, 92, 93, 94, 95
1, 2, 9, 32, 36, 38, 47, 50, 62, 73, 75, 89, 91, 94
1, 4, 17, 29, 41, 68, 84
33, 39, 45, 57, 62
14, 30, 73, 82, 85
1, 11, 14, 18, 30, 33, 34, 35, 36, 37, 48, 72, 75, 77, 81, 84, 86, 92, 93
16, 53, 61, 66, 69, 74
16, 41, 55, 72, 83, 84
16, 24, 25, 28, 40, 52, 57, 94
1, 2, 4, 6, 7, 10, 11, 13, 21, 22, 25, 26, 28, 30, 32, 34, 40, 42, 46, 49, 50, 52, 56, 59, 64, 65, 69, 80, 85, 86, 90, 91, 93
16, 24, 58, 77, 81
37, 60, 63, 77, 85
1, 2, 3, 4, 6, 7, 8, 9, 11, 12, 13, 15, 16, 17, 18, 20, 21, 22, 23, 24, 25, 26, 27, 29, 33, 34, 35, 36, 37, 39, 40, 42, 43, 44, 45, 46, 47, 48, 49, 50, 51, 52, 53, 54, 55, 57, 59, 60, 61, 62, 63, 64, 65, 66, 67, 68, 69, 71, 72, 74, 75, 76, 77, 79, 81, 84, 85, 86, 90, 91, 94, 95
1, 3, 9, 11, 12, 13, 14, 20, 21, 22, 23, 24, 25, 27, 28, 29, 30, 31, 33, 34, 35, 38, 41, 42, 43, 46, 47, 49, 51, 52, 55, 56, 57, 59, 60, 65, 66, 67, 69, 71, 73, 74, 76, 77, 78, 80, 81, 83, 87, 90, 92, 94, 95
33, 38, 74, 76, 87
33, 43, 54, 72, 83, 88
16, 78, 82, 89
1, 10, 11, 16, 18, 26, 30, 42, 44, 53, 57, 67, 68, 75, 92
1, 3, 4, 9, 14, 19, 24, 25, 26, 29, 30, 32, 37, 40, 44, 50, 51, 52, 57, 59, 60, 61, 66, 67, 68, 72, 80, 83, 84, 85, 88, 95
1, 2, 4, 5, 6, 7, 8, 9, 10, 12, 13, 15, 18, 20, 21, 22, 23, 24, 25, 27, 28, 29, 30, 31, 32, 33, 35, 36, 37, 38, 39, 40, 41, 44, 45, 46, 47, 50, 51, 52, 53, 54, 55, 56, 57, 59, 60, 61, 62, 64, 65, 67, 68, 69, 70, 73, 74, 75, 76, 77, 78, 80, 82, 84, 88, 89, 90, 91, 92, 93, 95
1, 4, 18, 22, 30, 42, 49, 53, 55, 85, 86, 93, 95
1, 6, 9, 15, 22, 24, 27, 36, 41, 42, 45, 53, 62, 71, 72, 75, 78, 81
1, 8, 12, 13, 19, 21, 24, 25, 29, 35, 36, 39, 50, 52, 53, 55, 57, 59, 64, 66, 67, 70, 74, 77, 79, 83, 86, 91
16, 20, 22, 77
16, 20, 31, 53, 87, 89
1, 2, 3, 5, 6, 10, 12, 13, 15, 18, 19, 20, 21, 22, 23, 24, 25, 26, 27, 28, 29, 32, 33, 37, 38, 40, 42, 44, 45, 46, 47, 49, 50, 51, 52, 53, 55, 56, 58, 60, 63, 64, 65, 67, 70, 71, 72, 74, 78, 79, 81, 87, 90, 91
1, 5, 6, 16, 66, 80
1, 3, 8, 9, 17, 18, 21, 22, 24, 29, 37, 43, 45, 48, 50, 51, 56, 57, 58, 65, 66, 73, 74, 77, 78, 81, 87, 90, 92, 94
16, 33, 66, 90
1, 7, 61, 67
1, 4, 10, 16, 18, 21, 23, 27, 28, 35, 36, 41, 52, 54, 57, 58, 62, 64, 73, 81, 85, 86, 87, 89
1, 35, 69, 72, 75
33, 49, 57, 72
1, 2, 4, 5, 6, 8, 9, 10, 11, 13, 15, 17, 18, 20, 21, 23, 25, 27, 28, 29, 30, 31, 35, 39, 40, 42, 44, 45, 46, 47, 48, 51, 57, 58, 59, 60, 61, 67, 68, 71, 73, 74, 77, 82, 83, 85, 87, 91, 92, 93, 95
16, 46, 70, 71
1, 2, 4, 5, 7, 8, 9, 12, 14, 15, 16, 17, 18, 23, 25, 27, 28, 30, 32, 34, 35, 39, 40, 41, 42, 44, 47, 48, 49, 51, 52, 53, 54, 56, 58, 59, 60, 62, 63, 64, 65, 66, 67, 68, 70, 71, 72, 73, 74, 75, 76, 77, 78, 79, 80, 81, 83, 86, 87, 88, 89, 90, 91, 93, 94, 95
16, 19, 34, 35, 40, 50, 54, 64, 68, 70, 84, 86, 89, 90, 91, 94
1, 2, 4, 5, 6, 7, 8, 9, 10, 11, 12, 13, 14, 15, 16, 17, 18, 19, 20, 21, 22, 23, 24, 25, 26, 27, 28, 29, 30, 31, 32, 33, 34, 35, 36, 37, 39, 41, 42, 43, 44, 45, 46, 47, 48, 49, 50, 51, 52, 53, 54, 55, 56, 57, 58, 59, 60, 61, 62, 63, 64, 66, 67, 68, 69, 70, 71, 73, 75, 76, 77, 78, 79, 80, 82, 83, 84, 85, 86, 87, 88, 89, 90, 91, 92, 93, 94, 95
1, 2, 3, 4, 5, 7, 8, 9, 10, 11, 12, 13, 14, 15, 16, 17, 18, 19, 21, 22, 23, 24, 25, 26, 27, 28, 29, 30, 31, 32, 33, 34, 35, 36, 37, 38, 39, 40, 41, 42, 43, 44, 45, 46, 47, 48, 50, 51, 52, 53, 54, 55, 56, 57, 58, 59, 60, 62, 63, 64, 65, 66, 67, 68, 69, 70, 71, 72, 73, 74, 75, 76, 77, 78, 79, 80, 81, 82, 83, 84, 85, 86, 87, 88, 89, 90, 91, 92, 93, 94, 95
1, 8, 42, 48, 55, 58, 76
1, 7, 18, 38, 88, 92
1, 4, 5, 6, 8, 10, 11, 14, 15, 20, 21, 25, 26, 27, 28, 29, 32, 35, 37, 38, 39, 40, 43, 44, 45, 46, 48, 50, 54, 55, 57, 60, 63, 68, 72, 73, 76, 77, 78, 80, 81, 85, 86, 87, 89, 91, 93, 95
1, 8, 49, 92
1, 23, 75, 86
1, 9, 40, 59, 66
1, 36, 37, 78
1, 8, 13, 16, 20, 22, 26, 32, 42, 59, 61, 73, 74, 79, 85, 91, 93
1, 3, 5, 8, 9, 10, 11, 12, 13, 15, 16, 18, 19, 20, 21, 22, 23, 24, 25, 26, 27, 28, 29, 30, 31, 32, 34, 38, 39, 41, 42, 43, 45, 46, 47, 48, 50, 51, 52, 53, 54, 55, 58, 59, 64, 66, 67, 69, 70, 71, 72, 74, 76, 78, 80, 82, 83, 84, 86, 87, 88, 89, 90, 91, 92, 93, 94, 95
1, 4, 6, 9, 10, 12, 15, 19, 20, 22, 35, 54, 72, 76, 86, 92
1, 18, 20, 32, 33, 55, 57, 64, 82
1, 19, 24, 25, 78, 82
1, 3, 7, 10, 21, 23, 35, 39, 40, 41, 45, 55, 59, 68, 69, 74, 77, 79, 82, 92
16, 52, 55, 76, 78
1, 38, 41, 59, 74, 87
1, 9, 15, 39, 60
1, 8, 10, 14, 16, 36, 39, 44, 45, 47, 50, 51, 55, 56, 57, 59, 60, 63, 69, 73, 74, 77, 84, 87, 88, 93, 95
1, 13, 17, 21, 26, 65, 70, 94
1, 15, 20, 25, 53, 69, 77, 95
16, 45, 60, 83
1, 11, 16, 18, 26, 30, 44, 57, 67, 75
1, 5, 6, 7, 8, 12, 13, 15, 16, 17, 18, 20, 22, 23, 24, 25, 26, 27, 28, 29, 33, 35, 37, 39, 40, 41, 42, 44, 47, 49, 50, 51, 52, 57, 59, 62, 66, 67, 68, 70, 71, 72, 73, 74, 75, 77, 78, 80, 81, 82, 83, 84, 85, 90, 91, 92, 93, 94
1, 2, 7, 8, 9, 10, 12, 14, 15, 16, 18, 20, 22, 23, 24, 25, 38, 41, 42, 44, 45, 47, 48, 49, 52, 55, 57, 58, 59, 60, 64, 67, 68, 70, 71, 74, 76, 77, 78, 79, 80, 81, 82, 90, 95
16, 27, 53, 56, 88
1, 22, 23, 30, 33, 34, 38, 45, 46, 47, 51, 53, 56, 63, 67, 72, 86, 88
53, 55, 66, 74, 94
1, 22, 74, 87
1, 30, 45, 55, 77
1, 2, 4, 5, 7, 8, 9, 10, 11, 13, 16, 17, 18, 19, 20, 21, 22, 24, 25, 27, 28, 29, 30, 31, 32, 34, 36, 37, 38, 39, 40, 41, 42, 43, 44, 45, 46, 48, 50, 52, 53, 54, 55, 57, 58, 59, 61, 62, 63, 64, 65, 66, 67, 69, 70, 71, 72, 74, 75, 76, 77, 78, 79, 80, 81, 82, 84, 85, 86, 88, 89, 91, 92, 93, 95
16, 19, 36, 37, 41, 60, 70, 81
33, 75, 91, 95
1, 16, 20, 23, 29, 42, 43, 46, 50, 51, 53, 56, 57, 61, 79, 88, 95
1, 2, 3, 5, 6, 7, 8, 9, 10, 11, 12, 13, 14, 15, 16, 17, 19, 20, 21, 22, 23, 24, 25, 26, 27, 28, 29, 30, 31, 32, 33, 34, 35, 37, 38, 39, 40, 41, 42, 43, 44, 45, 46, 47, 48, 49, 50, 51, 52, 54, 55, 56, 57, 58, 59, 60, 62, 63, 64, 66, 67, 70, 72, 73, 74, 75, 76, 77, 78, 79, 80, 81, 82, 83, 84, 85, 86, 87, 88, 89, 90, 91, 92, 93, 94, 95
1, 7, 34, 44, 50, 67, 79, 82
1, 2, 3, 6, 8, 9, 14, 16, 19, 26, 29, 32, 35, 38, 42, 44, 47, 48, 52, 54, 60, 62, 63, 64, 72, 76, 79, 86, 87, 88, 89, 92, 93
1, 2, 5, 7, 10, 12, 13, 14, 16, 21, 24, 25, 26, 28, 29, 31, 32, 33, 35, 36, 37, 40, 43, 44, 45, 47, 51, 55, 56, 57, 60, 65, 66, 67, 68, 69, 72, 73, 74, 75, 80, 81, 84, 86, 89, 93, 95
1, 3, 8, 54, 57, 72, 80
1, 5, 7, 8, 9, 10, 12, 13, 14, 15, 18, 19, 20, 21, 22, 23, 26, 27, 28, 30, 32, 35, 39, 40, 41, 42, 45, 46, 47, 48, 49, 50, 51, 52, 54, 56, 57, 59, 60, 62, 63, 68, 69, 71, 72, 73, 74, 75, 76, 79, 80, 81, 82, 83, 84, 89, 90, 91, 92, 93, 94, 95
16, 59, 71, 72
1, 4, 5, 17, 23, 29, 34, 36, 38, 45, 46, 47, 56, 61, 63, 69, 77, 87, 93
33, 41, 61, 88, 95
1, 18, 58, 64, 74, 79, 95
1, 2, 14, 23, 35, 44, 54, 67, 74, 84
53, 83, 88, 90
1, 5, 6, 8, 11, 13, 14, 24, 26, 27, 29, 31, 42, 45, 46, 47, 52, 54, 55, 58, 60, 61, 62, 64, 73, 76, 81, 83, 95
16, 23, 75, 94
16, 32, 61, 81
1, 28, 93, 94
1, 3, 25, 29, 36, 47, 48, 49, 70, 75, 95
1, 6, 54, 75
1, 22, 37, 46, 88, 94
1, 8, 17, 45, 85
1, 27, 43, 73
1, 8, 20, 41, 92
1, 12, 15, 19, 20, 24, 28, 31, 33, 42, 43, 45, 46, 47, 50, 52, 55, 57, 59, 64, 67, 72, 75, 77, 81
1, 6, 16, 17, 20, 24, 37, 40, 60, 63, 89
1, 4, 12, 22, 24, 27, 28, 36, 38, 39, 44, 47, 50, 58, 61, 63, 66, 68, 70, 72, 80, 81, 82, 87, 88, 90, 92, 93, 94
1, 3, 7, 8, 9, 13, 14, 15, 17, 18, 19, 20, 21, 22, 23, 25, 27, 28, 31, 32, 33, 34, 35, 36, 43, 46, 47, 49, 50, 51, 52, 53, 54, 55, 56, 57, 59, 60, 62, 63, 64, 65, 66, 68, 69, 73, 74, 77, 80, 81, 82, 84, 86, 88, 89, 91, 92, 94
1, 4, 14, 31, 32, 39, 45, 48, 51, 52, 53, 54, 55, 56, 59, 63, 80, 81, 82, 87, 89, 90, 93
16, 49, 66, 72, 79
53, 73, 84, 89
1, 4, 6, 22, 24, 25, 31, 45, 47, 57, 71, 73, 74, 95
1, 4, 11, 15, 34, 76, 80, 85, 93, 94
1, 7, 14, 18, 19, 22, 23, 24, 30, 31, 40, 42, 56, 64, 81, 90, 94
1, 2, 11, 12, 15, 16, 20, 21, 22, 23, 25, 36, 37, 41, 42, 44, 46, 49, 50, 53, 58, 60, 71, 72, 73, 76, 82, 86, 87, 89, 92, 94
1, 28, 31, 36, 60, 63
1, 10, 13, 14, 62, 72, 73, 78, 94
1, 18, 72, 75, 81, 84, 92, 93
16, 20, 22, 63
16, 20, 47, 69, 83, 84
1, 4, 12, 15, 21, 23, 24, 25, 27, 29, 33, 35, 37, 41, 42, 55, 56, 57, 59, 63, 64, 65, 66, 67, 76, 87
16, 34, 72, 80
16, 35, 59, 66
33, 46, 67, 78, 86, 87
1, 5, 7, 8, 10, 11, 21, 22, 23, 25, 29, 30, 32, 35, 36, 39, 40, 41, 45, 47, 49, 50, 51, 52, 54, 58, 61, 62, 63, 64, 66, 69, 72, 73, 74, 75, 76, 81, 82, 84, 87, 90, 92, 93, 94, 95
1, 2, 5, 9, 13, 15, 16, 18, 20, 22, 28, 31, 40, 42, 49, 56, 60, 68, 71, 72, 78, 85, 91
1, 6, 16, 31, 35, 40, 42, 61, 62, 63, 64, 71, 72, 74
1, 4, 5, 8, 10, 13, 14, 15, 17, 18, 19, 20, 21, 22, 23, 24, 26, 27, 28, 29, 32, 33, 34, 35, 36, 39, 40, 41, 42, 44, 45, 46, 47, 48, 49, 52, 53, 54, 55, 57, 58, 60, 62, 64, 65, 67, 68, 69, 70, 71, 72, 74, 75, 76, 77, 78, 79, 80, 81, 82, 83, 84, 85, 90, 91, 92, 93, 94, 95
16, 24, 27, 42, 67, 70, 79, 82, 84, 95
16, 21, 24, 27, 42, 45, 49, 64, 66, 67, 70, 76, 82
1, 4, 55, 89
1, 26, 34, 37, 41, 49, 59, 65, 73, 81, 82, 88, 94
1, 2, 3, 4, 8, 12, 14, 19, 20, 36, 38, 41, 44, 46, 47, 48, 49, 54, 55, 56, 58, 60, 64, 65, 66, 68, 76, 82, 84, 86, 87, 92, 93, 94, 95
1, 7, 8, 12, 16, 22, 24, 26, 29, 31, 32, 33, 34, 37, 41, 42, 43, 51, 55, 58, 59, 84, 86, 87, 90, 93, 95
16, 53, 57, 89, 90
1, 6, 7, 11, 12, 13, 18, 21, 22, 27, 30, 34, 37, 46, 53, 62, 66, 70, 75, 76, 83, 86, 93
1, 61, 66, 79
1, 6, 9, 11, 12, 14, 16, 17, 20, 25, 26, 29, 32, 35, 39, 40, 41, 44, 45, 46, 48, 50, 52, 53, 55, 56, 57, 75, 77, 78, 79, 82, 85, 87, 90, 92, 94
1, 21, 25, 94
1, 6, 8, 9, 15, 16, 18, 20, 21, 25, 27, 30, 33, 34, 35, 36, 37, 39, 40, 42, 44, 45, 46, 48, 51, 52, 57, 58, 59, 62, 63, 64, 66, 68, 70, 71, 72, 73, 75, 76, 78, 79, 80, 88, 89, 92, 95
1, 3, 5, 25, 30, 62
1, 15, 21, 45, 55, 58, 74, 75, 80
16, 18, 40, 71
1, 14, 17, 21, 39, 42, 44, 73, 87, 88
16, 29, 56, 68
1, 18, 68, 85
1, 10, 21, 22, 27, 32, 35, 53, 55, 59, 66, 70, 71, 82, 90
1, 2, 5, 22, 36, 49, 51, 55, 64, 66, 90, 93
1, 8, 12, 13, 19, 21, 24, 25, 29, 35, 36, 39, 50, 52, 55, 57, 59, 64, 66, 67, 70, 74, 77, 79, 83, 86, 91
1, 4, 6, 48, 62
1, 20, 39, 49, 89, 93
1, 37, 67, 73
16, 20, 34, 38, 56, 71
1, 49, 71, 94
1, 35, 41, 45, 55, 77, 79, 92
1, 10, 53, 77
1, 39, 47, 72, 73, 75, 89
16, 50, 89, 92
1, 29, 45, 54, 59, 66
1, 8, 12, 13, 21, 24, 25, 35, 36, 39, 50, 52, 53, 55, 57, 59, 64, 66, 67, 70, 77, 79, 86, 90, 91
16, 23, 32, 70
1, 21, 30, 37, 55, 64, 75, 80
16, 33, 50, 68, 77, 78, 79, 90
33, 47, 63, 82
1, 4, 11, 15, 20, 26, 36, 42, 44, 76, 80, 85, 93, 94
1, 6, 12, 21, 24, 60, 70, 83, 94
53, 71, 77, 87
25, 43, 60, 62, 75
16, 55, 58, 90
16, 21, 31, 52
16, 31, 69, 92
16, 26, 78, 92
1, 10, 61, 79
16, 20, 53, 87, 89
1, 9, 19, 24, 25, 28, 33, 35, 39, 44, 53, 54, 55, 58, 66, 67, 68, 78, 79, 88, 89, 94, 95
1, 2, 4, 7, 8, 10, 13, 14, 15, 18, 20, 24, 28, 29, 30, 31, 32, 34, 36, 38, 40, 41, 42, 46, 47, 48, 49, 50, 51, 54, 56, 60, 62, 64, 67, 69, 70, 74, 79, 80, 84, 87, 90, 91, 95
1, 8, 11, 12, 16, 19, 21, 24, 25, 30, 32, 34, 35, 36, 37, 39, 45, 46, 47, 48, 53, 57, 59, 60, 63, 64, 65, 66, 69, 73, 75, 76, 79, 81, 87, 88, 94
1, 5, 6, 9, 10, 12, 17, 18, 20, 21, 22, 23, 24, 26, 27, 37, 38, 39, 40, 46, 47, 48, 52, 54, 56, 57, 59, 60, 64, 65, 67, 68, 69, 79, 80, 81, 82, 87, 89, 91, 92
1, 5, 10, 15, 17, 18, 34, 36, 39, 47, 50, 52, 57, 60, 64, 76, 79, 88, 91, 92, 95
1, 16, 20, 21, 22, 32, 41, 42, 59, 61, 73, 74, 79, 91, 92, 93, 95
16, 32, 61, 81
16, 34, 38, 54, 60, 71, 81, 82, 91
16, 18, 68, 87
1, 3, 6, 17, 18, 23, 47, 52, 56, 57, 61, 64, 77, 91, 95
1, 2, 4, 6, 8, 9, 12, 13, 14, 21, 22, 23, 24, 25, 27, 29, 30, 31, 34, 35, 36, 37, 39, 40, 41, 43, 45, 46, 47, 48, 51, 56, 58, 60, 64, 65, 72, 75, 76, 79, 80, 81, 82, 84, 85, 87, 88, 89, 90, 91, 92, 93, 95
1, 35, 37, 42, 59, 81
14, 15, 32, 62, 76, 83
33, 40, 53, 55, 95
1, 8, 10, 14, 16, 36, 37, 41, 44, 45, 51, 55, 56, 57, 60, 63, 69, 76, 77, 87, 88, 93
1, 21, 42, 52, 55
1, 4, 42, 58, 67, 85
1, 2, 4, 5, 8, 9, 10, 11, 12, 13, 14, 15, 16, 20, 21, 22, 25, 26, 29, 34, 39, 40, 42, 43, 44, 46, 53, 60, 61, 62, 63, 64, 67, 68, 69, 73, 74, 77, 78, 82, 83, 84, 86, 88, 89, 90, 91, 94, 95
1, 14, 59, 64
1, 9, 10, 11, 14, 16, 17, 22, 25, 26, 32, 33, 36, 38, 44, 46, 48, 51, 52, 56, 57, 58, 61, 62, 64, 65, 66, 69, 70, 77, 79, 80, 81, 82, 88, 89, 90, 92
16, 33, 58, 70, 89
16, 31, 32, 43, 84
1, 2, 15, 24, 29, 35, 36, 37, 38, 39, 45, 46, 50, 52, 56, 57, 62, 64, 65, 66, 68, 69, 70, 72, 73, 75, 76, 78, 79, 81, 86, 87, 93, 94
1, 20, 34, 57, 59, 88, 91
1, 4, 6, 7, 8, 17, 18, 19, 27, 35, 40, 49, 57, 59, 60, 63, 73, 75, 76, 77, 81, 90, 93
1, 4, 15, 27, 34, 37, 44, 57, 77, 95
33, 42, 69, 82, 84
16, 31, 33, 39, 73, 78, 85, 88, 94
1, 27, 44, 63, 67, 94
16, 20, 37, 44, 47, 49, 54, 61, 79, 93
53, 63, 65, 81, 94
33, 43, 44, 45
1, 52, 80, 86
33, 35, 53, 63
2, 16, 27, 46, 47, 67, 85, 87, 92
2, 29, 35, 62
2, 27, 28, 41
2, 11, 63, 66, 86
16, 20, 32, 38, 39, 47, 50, 62, 64
2, 4, 11, 16
2, 7, 19, 32, 47, 49, 52, 58
16, 30, 63, 78
2, 27, 65, 79, 93
16, 21, 36, 70
2, 8, 16, 27, 28, 29, 31, 33, 36, 43, 50, 54, 65, 73, 74, 79, 86, 87, 91, 95
2, 40, 41, 59
2, 36, 45, 59
2, 50, 54, 75
2, 6, 15, 71, 82, 95
2, 7, 8, 26, 37, 39, 40, 41, 42, 55, 63, 64, 68, 70, 72, 75, 79, 82, 87, 88, 91
2, 44, 58, 61, 80, 83, 84
16, 17, 20, 60, 74, 84
16, 32, 39, 47, 58, 68, 81, 87, 91
2, 7, 25, 28, 29, 47, 50, 63, 69, 70, 83, 85, 92
2, 7, 11, 19, 59, 62, 75, 90
16, 37, 43, 53, 88
2, 5, 24, 34, 37, 42
2, 11, 32, 41, 60, 72, 81
2, 3, 10, 17, 20, 24, 26, 31, 36, 54, 56, 58, 62, 64, 69, 86, 93, 94
2, 5, 9, 12, 14, 23, 35, 38, 42, 44, 48, 55, 56, 59, 60, 61, 65, 66, 73, 74, 80, 81, 82, 88, 90, 93
2, 4, 16, 44, 80
16, 46, 70, 75
2, 29, 67, 72, 89
2, 7, 8, 16, 18, 32, 33, 45, 48, 55, 66, 71, 77, 79, 81, 92
33, 39, 72, 87
4, 6, 8, 9, 10, 11, 13, 18, 21, 25, 29, 31, 32, 35, 37, 38, 39, 40, 42, 45, 46, 51, 56, 57, 59, 63, 64, 67, 68, 71, 72, 74, 78, 79, 80, 88, 89, 94
16, 39, 66, 95
16, 33, 43, 46
2, 3, 10, 17, 20, 27, 33, 36, 45, 55, 62, 71, 77, 91, 95
2, 9, 15, 17, 19, 33, 40, 44, 57, 59, 66, 69, 75, 76, 87, 93
33, 42, 52, 80
2, 6, 16, 37, 40
53, 57, 63, 77
2, 9, 14, 21, 26, 31, 32, 37, 45, 60, 71, 75, 79, 85, 93, 95
16, 19, 89, 93
33, 58, 71, 91
2, 24, 34, 61, 70
16, 23, 81, 91
2, 6, 39, 69, 89, 90
2, 15, 26, 77
2, 5, 33, 37
2, 19, 28, 46, 60
2, 33, 41, 62, 70
2, 20, 29, 58, 78
2, 8, 16, 18, 25, 60, 77, 90
2, 74, 92, 93
33, 62, 65, 86, 90
16, 36, 53, 55, 60, 69, 74, 76, 85, 89
2, 9, 36, 55, 74, 75, 81, 89
2, 3, 15, 28, 29, 35, 40, 42, 44, 58, 59, 81, 92, 93
2, 12, 21, 54, 67, 71, 81
33, 41, 49, 91
16, 27, 35, 85
2, 4, 5, 16, 18, 30, 37, 44, 46, 56, 59, 68, 76
2, 7, 9, 11, 18, 20, 26, 27, 29, 31, 47, 55, 60, 63, 72, 93
2, 22, 73, 80, 95
53, 60, 66, 73, 77, 78, 79
2, 70, 85, 94
2, 12, 13, 19, 23, 41, 65, 77, 79, 82, 84, 89
2, 7, 88, 92
