5, 36, 67, 72
5, 17, 26, 28, 41, 56, 59, 66, 69, 71, 76, 90, 93
5, 7, 16, 52, 82, 90, 91
5, 31, 56, 84
5, 24, 68, 76, 82, 88
5, 21, 39, 45, 56
20, 22, 24, 50, 55, 79
5, 55, 62, 67
5, 6, 12, 13, 15, 16, 18, 21, 30, 32, 38, 39, 50, 53, 55, 60, 62, 69, 73, 74, 78, 79, 80, 83
5, 6, 15, 23, 26, 37, 47, 53, 61, 62, 73, 77
5, 26, 50, 82
20, 27, 33, 34, 37, 41, 52, 55, 70, 87
5, 23, 39, 67, 87, 94
20, 32, 36, 74, 78, 95
5, 8, 11, 15, 24, 26, 31, 38, 40, 46, 60, 74, 85, 89
5, 7, 25, 42, 95
5, 16, 41, 45, 61, 62, 84, 88, 95
20, 30, 58, 59, 72, 83
20, 27, 35, 36, 45, 53, 66, 72, 80, 85
20, 39, 55, 60, 66, 67, 75, 76
20, 21, 43, 49, 84, 91
5, 10, 12, 13, 14, 15, 17, 19, 20, 21, 23, 24, 27, 29, 30, 33, 35, 45, 47, 49, 53, 57, 61, 62, 63, 64, 65, 70, 77, 79, 85, 88, 90, 91, 94
20, 25, 32, 43, 75, 79, 93, 95
5, 14, 24, 69, 81
5, 6, 68, 76
5, 10, 19, 20, 30, 37, 38, 48, 59, 61, 80, 90, 91, 94
5, 13, 14, 21, 38, 55, 62, 63, 84, 95
20, 55, 60, 66, 67, 75, 76, 78
5, 9, 15, 95
5, 21, 39, 45, 56
5, 12, 14, 15, 22, 28, 29, 40, 57, 60, 73, 81, 92
20, 21, 53, 77
5, 18, 35, 55, 78, 92
20, 23, 25, 71, 77, 84, 92
5, 18, 20, 23, 57, 70, 71
5, 17, 30, 32, 45, 73
20, 53, 71, 72
37, 62, 66, 95
20, 31, 32, 43, 49, 69, 95
5, 16, 33, 34, 35, 87
5, 31, 50, 55, 66, 72, 76, 83
5, 18, 31, 49, 65
5, 7, 10, 16, 17, 18, 22, 30, 32, 64, 65, 81
37, 57, 62, 67
20, 26, 31, 46, 63, 69, 74, 89
20, 39, 78, 95
5, 32, 34, 41
5, 20, 25, 28
5, 10, 36, 45, 72, 83, 93
20, 45, 73, 75, 95
5, 8, 21, 46, 56, 70, 95
5, 12, 13, 14, 18, 42, 43, 52, 57, 66, 67, 69, 71, 73, 87, 91, 94
5, 30, 64, 82
20, 36, 62, 79, 84, 93
20, 40, 52, 57, 65, 70, 78, 87, 92
5, 38, 42, 49, 60, 74, 82
5, 13, 26, 27, 72
5, 17, 33, 47, 58, 86
5, 18, 24, 28, 45, 78, 81
5, 18, 23, 32, 68, 75, 78, 80
5, 43, 55, 58, 89, 92, 93
20, 31, 82, 91
20, 22, 35, 58
5, 14, 49, 63, 84, 88
20, 30, 33, 76
5, 13, 15, 35, 42, 43, 70, 82
37, 39, 69, 90
5, 10, 18, 29, 30
5, 10, 12, 55, 79, 89
37, 39, 40, 57, 58
20, 29, 41, 43, 57, 73, 91, 95
5, 18, 57, 67, 72
15, 21, 38, 58, 79, 82, 94
20, 39, 50, 91
5, 27, 56, 69
5, 37, 40, 73, 79, 82
15, 19, 37, 62
5, 15, 24, 33, 60, 73, 88, 91
20, 30, 46, 87
5, 6, 70, 81, 85
5, 21, 39, 44, 64, 74, 95
5, 19, 46, 59, 82
5, 46, 68, 74, 76, 78
5, 45, 75, 77
5, 34, 35, 39, 58, 85, 95
5, 34, 39, 64, 75
5, 8, 11, 13, 30, 41, 53, 69, 90
5, 12, 16, 21, 23, 26, 54, 56, 61, 72, 81, 84, 85, 89, 90, 91
5, 9, 60, 69, 71, 72, 77, 80, 93
20, 32, 76, 88
5, 14, 15, 25, 32, 75, 80, 85, 93
5, 10, 34, 89
29, 44, 50, 53, 57, 68, 81, 86
5, 8, 82, 84
57, 76, 81, 91
5, 17, 29, 37, 47, 48, 64, 70, 71, 72, 74, 77, 84, 91
20, 69, 72, 73
5, 12, 47, 77
20, 40, 63, 91
17, 28, 34, 58
37, 44, 69, 84
37, 38, 66, 84
5, 8, 16, 26, 30, 36, 40, 43, 45, 48, 60, 62, 65, 66, 72, 76, 77, 85, 86, 87, 88
5, 32, 39, 67, 91, 93, 94
15, 25, 44, 59, 68, 90
5, 15, 19, 62, 68
37, 72, 73, 79
5, 31, 42, 92, 94
5, 9, 38, 40, 50, 54, 62, 65, 73, 74, 81, 88
20, 44, 70, 80, 93
5, 21, 35, 36
20, 30, 34, 40, 45, 70, 88, 94
5, 45, 48, 83
5, 14, 41, 43, 79
5, 26, 41, 58
34, 55, 87, 95
20, 23, 44, 46
5, 22, 25, 75, 95
37, 57, 84, 90
5, 12, 25, 31, 33
34, 42, 48, 54, 81, 95
20, 22, 34, 41, 69, 72, 76, 83
20, 44, 50, 53, 66
5, 58, 68, 89
5, 36, 39, 88
20, 30, 58, 80, 81, 82
5, 11, 42, 67, 79, 84, 95
5, 20, 32, 33, 34, 35, 59, 70, 71, 77, 78, 86
5, 39, 70, 88
5, 14, 35, 44, 53, 55, 75, 77, 95
5, 15, 47, 54, 61, 82, 83, 92
5, 13, 27, 52, 60, 67, 75, 78
5, 29, 41, 45, 61, 62, 69, 71, 92
5, 16, 34, 57, 64, 65, 70, 73, 91
5, 7, 39, 70
5, 10, 50, 65, 66, 73, 90
5, 18, 20, 23, 57, 70
5, 31, 37, 84
5, 40, 61, 65
5, 15, 44, 63, 76, 95
20, 33, 37, 64
5, 9, 16, 27
5, 47, 55, 79, 90
5, 31, 57, 59, 90, 92
5, 44, 63, 82, 87
5, 11, 12, 20, 23, 25, 26, 34, 36, 38, 40, 42, 45, 52, 60, 66, 69, 74, 77, 79, 85, 86, 91, 94
15, 19, 32, 49, 56, 66, 84, 87, 91, 95
5, 27, 63, 91
5, 18, 21, 74
5, 6, 7, 8, 9, 11, 13, 15, 21, 23, 29, 32, 34, 41, 43, 44, 53, 59, 62, 63, 67, 69, 72, 75, 82, 84, 87, 88, 90, 92, 94, 95
37, 46, 48, 57, 64
5, 6, 19, 26, 27, 33, 48, 53, 63, 64, 67, 70, 88
5, 6, 35, 65, 68, 72
5, 19, 24, 27, 29, 43, 44, 66, 77, 80
5, 29, 35, 36, 40, 44, 45, 73, 74, 88, 89
5, 13, 74, 82
5, 21, 75, 86
20, 35, 36, 46, 76
5, 9, 33, 56, 94, 95
5, 17, 22, 25, 56, 65
5, 8, 9, 10, 13, 20, 24, 50, 53, 55, 57, 63, 64, 68, 77, 78, 80, 81, 87
5, 35, 90, 92
20, 31, 33, 58
5, 28, 55, 77
37, 44, 62, 63, 68, 94
5, 6, 17, 24, 35, 88
5, 23, 26, 91
5, 13, 23, 53
5, 29, 30, 39, 47, 48, 50, 69, 70, 73, 76, 80
57, 66, 77, 89, 93
20, 31, 82, 91
20, 32, 74, 78
5, 9, 11, 14, 41, 50, 63
5, 9, 10, 13, 15, 16, 17, 22, 26, 33, 39, 40, 41, 43, 48, 50, 58, 62, 66, 69, 72, 77, 79, 82, 90, 93, 95
15, 18, 35, 37, 53, 54, 60, 81, 83, 86, 93
20, 32, 55, 81
37, 55, 84, 92
5, 6, 14, 41, 44, 52, 58, 65, 66, 73, 80, 84, 88
5, 15, 61, 82, 83, 92
5, 9, 10, 18, 23, 27, 28, 29, 32, 35, 47, 48, 50, 57, 58, 59, 61, 62, 72, 73, 81, 90, 92, 95
20, 24, 41, 43, 74, 80, 81
20, 29, 40, 42, 63, 69, 79, 85
37, 47, 54, 79, 93
20, 34, 36, 37, 40, 55, 81
5, 18, 23, 32, 60, 68, 75, 78, 80
5, 23, 47, 58
5, 8, 10, 42, 44, 50, 71
32, 39, 42, 66, 67, 72, 82, 83, 85
5, 6, 58, 61, 86
5, 37, 49, 80, 90, 92
15, 48, 55, 72
20, 27, 46, 70
5, 17, 19, 32, 38, 53, 67, 70, 78
20, 42, 46, 47
20, 29, 40, 42, 63, 69, 79, 85
20, 25, 50, 52, 60, 68, 80, 90
20, 34, 59, 65, 95
5, 7, 10, 16, 17, 22, 30, 32, 64, 65, 81
5, 16, 33, 34, 50, 76, 93
5, 40, 61, 65
38, 42, 71, 77, 89, 95
5, 16, 41, 45, 61, 62, 84, 88, 95
5, 20, 25, 54, 72
5, 23, 32, 84
20, 22, 62, 66
5, 50, 73, 87
5, 7, 11, 22, 26, 46, 47, 49, 57, 59, 67, 68, 76, 84, 85, 86, 90
5, 8, 10, 13, 21, 27, 32, 34, 39, 48, 53, 55, 58, 62, 64, 65, 68, 73, 81, 86, 93
38, 47, 62, 68, 81, 94
5, 11, 14, 21, 25, 31, 39, 53, 58, 60, 62, 67, 68, 73, 76, 80, 83, 86, 89, 91
20, 29, 56, 93
5, 37, 59, 70, 92
5, 8, 29, 40, 68, 86
20, 26, 58, 68
20, 21, 39, 47, 48, 54, 61, 62, 63, 88
5, 6, 32, 42, 55, 73, 87, 95
38, 52, 70, 90
5, 7, 8, 25, 26, 43, 46, 49, 64, 65, 68, 72, 77, 93, 94
5, 10, 21, 49, 55
5, 27, 56, 69
20, 29, 42, 56, 60
5, 31, 54, 86
5, 6, 23, 33, 38, 47, 63, 65, 89
5, 10, 29, 34, 36, 43, 44, 52, 57, 59, 68, 72, 77, 79, 90, 93, 94
5, 17, 34, 47, 53, 81
5, 9, 13, 18, 29, 42, 49, 52, 58
20, 26, 52, 69
5, 6, 14, 50, 79, 88
5, 11, 26, 50, 53
20, 31, 32, 43, 69, 95
20, 30, 58, 59, 72, 83
20, 29, 41, 43, 57, 73, 91, 95
29, 49, 73, 78
5, 15, 79, 90
5, 6, 21, 23, 25, 27, 30, 33, 34, 37, 40, 56, 58, 65, 67, 72, 83, 84, 86, 92
5, 30, 42, 45
5, 16, 38, 44, 53, 65, 74, 91
5, 27, 32, 43
20, 26, 31, 63, 69, 74, 89
20, 57, 69, 89
5, 13, 29, 34, 36, 51, 52, 66, 69, 73, 79, 80, 82
38, 42, 79, 89
5, 10, 12, 13, 14, 15, 17, 19, 20, 21, 23, 24, 27, 29, 30, 33, 35, 45, 47, 49, 53, 57, 61, 62, 63, 64, 65, 70, 77, 79, 85, 88, 90, 91, 94
5, 30, 48, 50, 57, 91
20, 26, 31, 58, 89
5, 13, 29, 34, 36, 52, 66, 69, 73, 79, 80, 82
20, 49, 62, 78, 83
20, 44, 50, 69, 75
5, 13, 26, 69, 77
5, 34, 55, 84
20, 22, 25, 45, 55, 66, 91
5, 6, 58, 61, 86
5, 36, 71, 90, 94
5, 28, 77, 88
20, 23, 31, 39, 65, 66, 88
5, 8, 25, 68
5, 10, 29, 34, 43, 44, 52, 72, 93
5, 11, 12, 20, 23, 25, 26, 34, 36, 38, 40, 42, 45, 52, 60, 66, 69, 71, 74, 77, 79, 85, 86, 91, 94
38, 44, 55, 58, 62
20, 44, 48, 73
3, 24, 26, 31, 58, 73
20, 45, 73, 75
5, 14, 22, 33, 41, 55, 62, 85, 89, 92
5, 18, 23, 63, 64, 67, 77
5, 18, 56, 80
5, 8, 82, 84
5, 7, 16, 26, 29, 31, 39, 53, 57, 60, 62, 68, 84, 87, 89, 91
5, 21, 75, 83, 86
20, 44, 45, 58, 90
20, 34, 70, 94
38, 49, 50, 87
20, 32, 34, 57, 58, 69, 70, 89
20, 32, 36, 74, 78, 95
5, 26, 58, 59, 61, 76
5, 31, 52, 59, 62, 63, 90
5, 13, 83, 91, 95
5, 7, 26, 72
5, 17, 36, 82
38, 47, 52, 90
5, 36, 90, 94
5, 12, 15, 26, 60
5, 24, 34, 53
38, 39, 63, 75, 92
54, 74, 77, 79
20, 52, 55, 60
5, 7, 8, 9, 13, 23, 25, 29, 40, 45, 47
20, 39, 45, 83
5, 36, 77, 90
5, 30, 33, 35, 62
5, 26, 27, 53, 64, 67, 88
5, 7, 10, 12, 14, 15, 16, 19, 35, 47, 53, 57, 65, 67, 68, 70, 83, 86, 87, 88
5, 19, 21, 23, 36, 56, 65, 76, 81
5, 12, 16, 21, 23, 26, 54, 56, 61, 72, 81, 84, 85, 89, 90, 91
20, 34, 48, 89
5, 15, 19, 62, 68
15, 20, 24, 25
20, 29, 69, 76
58, 69, 93, 95
5, 69, 79, 95
20, 28, 47, 55, 86
20, 34, 70, 94
5, 20, 32, 60
5, 17, 19, 32, 38, 53, 67, 70, 78
5, 24, 29, 48, 55, 59, 69, 74, 79, 94
5, 23, 24, 38, 39, 71, 79, 82
20, 32, 55, 56, 72, 79, 83, 86, 89
20, 23, 44, 46, 82
20, 29, 35, 56
5, 43, 47, 62
5, 29, 67, 89
5, 17, 39, 49, 65, 86, 88
5, 35, 44, 80, 82
5, 15, 44, 63, 76, 82, 95
20, 29, 40, 42, 63, 69, 79, 85
20, 25, 50, 52, 60, 68, 80, 90
20, 31, 34, 38, 50, 53, 61, 63, 65, 71, 75
5, 46, 50, 76
20, 34, 46, 47, 75
5, 15, 22, 24, 31, 34, 37, 48, 59, 73, 82, 88
5, 28, 71, 77, 88
20, 52, 55, 60
3, 4, 6, 8, 19, 20, 28, 39, 46, 52, 57, 65, 76, 78, 81, 85, 90, 93
5, 27, 63, 91
5, 29, 67, 89
5, 11, 17, 21, 32, 38, 40, 45, 73, 74, 88, 95
5, 19, 28, 37
5, 30, 34, 56, 87
5, 11, 26, 31, 76
20, 38, 55, 89, 91, 93
5, 20, 24, 50, 84, 92
38, 85, 90, 95
38, 40, 63, 67
20, 39, 45, 83
5, 10, 14, 29, 57, 62
5, 29, 64, 89
20, 44, 50, 69, 75
5, 6, 27, 28, 30, 39, 42, 46, 64, 84
5, 16, 69, 70
5, 7, 16, 26, 29, 31, 33, 34, 37, 39, 45, 52, 53, 57, 60, 62, 68, 84, 87, 89, 91, 95
38, 60, 74, 77, 92
5, 15, 19, 62, 68
20, 40, 52, 57, 65, 70, 78, 87, 92
20, 34, 68, 89
5, 10, 11, 14, 16, 39, 49, 63, 80, 85, 88, 95
20, 23, 47, 55, 63, 86, 89, 94
5, 72, 77, 80, 93
38, 41, 65, 76, 82, 88
38, 42, 71, 77, 89, 95
5, 30, 34, 56, 87
35, 45, 66, 95
5, 20, 32, 37, 49
5, 13, 27, 72
5, 6, 7, 12, 14, 15, 18, 20, 22, 24, 25, 26, 29, 30, 31, 34, 36, 37, 40, 41, 45, 47, 48, 53, 56, 58, 59, 60, 61, 66, 67, 68, 73, 74, 75, 81, 82, 86, 88, 89, 91, 92, 94, 95
20, 32, 75, 79, 93, 95
5, 15, 17, 22, 39, 40, 66
20, 29, 53, 76
5, 7, 32, 55, 90
20, 35, 36, 39, 66, 93
15, 23, 24, 42, 62, 71, 80, 88, 95
38, 44, 48, 79
20, 25, 39, 53, 85
5, 17, 47, 81
5, 6, 21, 23, 25, 27, 30, 34, 56, 58, 60, 65, 67, 72, 83, 84, 92
20, 23, 24, 65, 90
38, 57, 80, 83
20, 29, 35, 56
5, 45, 57, 87
5, 22, 48, 65
5, 30, 48, 50, 57, 91
20, 28, 47, 54, 82
5, 23, 32, 84
5, 43, 55, 58, 89, 92, 93
5, 31, 55, 72, 76, 83
21, 26, 29, 35, 57, 58, 74, 76, 92
5, 21, 75, 86
5, 16, 37, 41, 43, 44, 49, 50, 54, 57, 66, 68, 74, 82, 91
21, 40, 52, 60
21, 32, 71, 92
21, 27, 33, 43, 54, 72, 83, 88
21, 36, 86, 89
5, 6, 7, 9, 22, 23, 35, 40, 42, 45, 46, 48, 58, 77, 78, 79, 86
21, 55, 65, 74, 85
20, 53, 71, 72
21, 25, 37, 39, 40, 43, 94
21, 25, 55, 81, 90, 93
5, 25, 54, 72
21, 24, 48, 67
5, 8, 17, 25, 30, 65, 66, 72, 95
21, 32, 60, 91
5, 43, 47, 62
21, 29, 63, 67, 78
21, 25, 35, 38, 73
5, 11, 42, 67, 79, 95
21, 27, 30, 45, 56, 65, 81, 90
5, 53, 55, 67
21, 27, 53, 60
21, 22, 26, 37, 39, 58, 69, 70, 73, 75, 91
21, 40, 77, 85
5, 21, 64, 74
5, 44, 48, 56, 69, 90
21, 22, 33, 35, 42, 57, 60, 61, 77, 86, 88, 89
5, 43, 67, 80
38, 55, 61, 63, 81
38, 62, 65, 68, 78, 93
63, 68, 72, 94
21, 23, 25, 38, 41, 49, 56
5, 9, 29, 32, 33, 36, 40, 68, 77, 80, 94
5, 66, 83, 89
5, 10, 50, 66, 73, 90
5, 9, 21, 32, 41, 73, 84
5, 6, 14, 17, 19, 22, 28, 32, 34, 42, 49, 59, 60, 67, 73, 75, 82, 86, 91, 93
5, 15, 58, 72, 76
5, 27, 32, 43
5, 7, 8, 12, 17, 21, 22, 23, 24, 30, 33, 42, 47, 58, 60, 64, 77, 82, 92
