11, 12, 17, 20, 50, 90, 92
11, 22, 44, 45, 74, 90
11, 23, 79, 93
11, 14, 33, 89
11, 15, 26, 48, 49, 54, 58, 81
27, 31, 56, 82, 87, 88, 94
27, 41, 65, 69
11, 22, 74, 93
11, 13, 23, 41, 55, 77, 81, 89
11, 17, 31, 39, 61, 65, 66, 68, 86, 93, 95
11, 29, 40, 47, 52, 63, 88
11, 30, 53, 60, 62, 64, 70, 74, 82, 95
11, 49, 50, 57, 65, 70, 85, 94
11, 40, 42, 61, 68, 95
27, 29, 58, 77, 87
11, 84, 85, 87
27, 35, 72, 84
27, 39, 45, 53, 57, 71, 85, 93
45, 65, 72, 82, 90
11, 19, 46, 91
27, 69, 89, 92
11, 46, 61, 94
27, 39, 73, 75, 93
27, 40, 72, 90, 94
11, 16, 35, 65, 79
11, 46, 49, 73, 92
11, 62, 82, 93
11, 19, 42, 94
11, 28, 83, 85
11, 49, 62, 78
27, 60, 81, 93
11, 38, 57, 76
11, 31, 35, 90
27, 28, 50, 55, 83
74, 79, 90, 93
27, 34, 58, 65, 87, 95
27, 41, 72, 83
27, 48, 53, 65
27, 48, 69, 87
11, 16, 25, 35, 38, 53, 83, 89
11, 15, 23, 47, 69, 83
11, 41, 44, 57, 75, 88
11, 14, 33, 89
11, 39, 40, 67, 72, 80
11, 23, 31, 45
11, 14, 15, 33, 35, 53, 65, 70, 75, 80, 89
11, 74, 77, 88
27, 34, 85, 95
11, 18, 62, 86
11, 14, 23, 57, 65, 66, 68, 72
11, 17, 32, 71
27, 30, 40, 53
11, 13, 35, 91
11, 19, 59, 86
11, 19, 22, 30, 74, 83, 92
48, 59, 68, 71, 80
27, 28, 66, 67, 81
11, 60, 83, 87
11, 39, 48, 56, 65, 92
11, 31, 40, 87
11, 16, 18, 58, 83
11, 31, 39, 72, 88
27, 47, 64, 66
11, 26, 45, 60, 73, 83, 92
45, 50, 65, 67
39, 67, 88, 91
11, 27, 68, 93
11, 45, 47, 50, 61
45, 53, 61, 62
27, 40, 67, 74, 75, 82
27, 39, 74, 82
11, 21, 25, 31, 33, 37, 46, 54, 65, 67
11, 25, 26, 28, 45, 49, 60, 73, 83, 92
27, 29, 59, 75, 94
11, 19, 23, 31, 32, 35, 42, 50, 52, 55, 58, 64, 73
11, 18, 25, 26, 37, 74, 79, 83
11, 16, 35, 63, 66, 79
11, 40, 43, 95
27, 34, 54, 76
36, 44, 63, 71, 77
27, 48, 52, 63, 95
11, 31, 40, 87
11, 31, 40, 95
27, 34, 36, 53, 66
11, 44, 79, 89
11, 16, 23, 35, 37, 38, 44, 55, 64, 66, 71, 75, 94
11, 20, 40, 52, 71, 74
11, 13, 21, 49
11, 20, 26, 41, 52, 60, 68, 81, 95
11, 14, 15, 18, 21, 26, 59, 63, 68, 82, 93
11, 14, 15, 16, 22, 28, 34, 45, 56, 66, 78, 89, 90, 94
11, 37, 43, 65, 93
27, 34, 54, 76
11, 18, 24, 46
18, 22, 50, 78
11, 15, 31, 50, 57, 65
27, 44, 64, 79
27, 36, 60, 63, 78, 87
11, 22, 30, 74, 83
11, 14, 18, 26, 32, 35, 48, 67, 68, 84
11, 23, 34, 40, 56, 88, 91
11, 29, 35, 91
11, 30, 56, 58
11, 14, 68, 69, 79
11, 15, 42, 54, 79
11, 33, 68, 87
11, 22, 23, 53
27, 31, 53, 74, 93, 95
11, 21, 39, 45
11, 15, 19, 29, 53
27, 31, 65, 69, 90
11, 23, 31, 45, 72
11, 20, 22, 36, 68
11, 23, 55, 66, 94
11, 27, 65, 75
11, 19, 23, 31, 32, 35, 42, 50, 52, 55, 58, 64, 73
11, 46, 82, 85, 92
11, 19, 24, 26, 34, 43, 46, 47, 65, 84
11, 18, 25, 37, 74, 79, 83
27, 32, 56, 74
27, 34, 39, 42, 58, 60, 70, 81, 88
11, 12, 17, 20, 50
11, 18, 20, 25, 30, 56, 57, 80
27, 65, 71, 93
11, 25, 52, 75
45, 77, 82, 89
27, 30, 31, 38, 79, 90
59, 61, 81, 86, 89
11, 31, 35, 90
11, 31, 36, 39
11, 16, 43, 46, 53, 55, 60, 69, 74, 75, 76, 79, 85, 87, 89, 90
11, 14, 26, 42, 66, 70, 77, 88
11, 33, 41, 55, 65, 89
11, 25, 44, 56, 94
11, 20, 50, 87
11, 44, 71, 88
19, 20, 21, 82
47, 67, 79, 84
28, 62, 91, 95
45, 52, 57, 66, 71, 75
16, 21, 92, 93
11, 37, 44, 53, 57, 93
19, 48, 77, 93
42, 63, 72, 81
11, 43, 65, 83
11, 12, 17, 20, 50, 90, 92
11, 12, 15, 21, 34, 39, 41, 54, 63, 69, 82, 84, 90, 93
46, 55, 86, 92
11, 19, 25, 56, 83
11, 16, 18, 35, 36, 40, 45, 52, 77, 78, 82
28, 36, 64, 78, 95
28, 33, 61, 63
11, 31, 44, 47, 53, 63, 89, 95
11, 17, 21, 26, 42, 55
11, 20, 22, 52, 64, 79, 92, 94
46, 48, 50, 55, 68, 71, 80, 85
11, 31, 78, 89
28, 37, 45, 78, 81, 89, 95
28, 41, 45, 68, 84
1, 33, 40, 45, 61, 91
30, 87, 93, 94
11, 13, 23, 41, 55, 77, 81, 89
28, 53, 71, 82
4, 18, 22, 29, 33, 38, 40, 47, 49, 60, 74, 80, 85
11, 46, 54, 61, 69, 71, 72
11, 16, 29, 36, 67, 71, 78, 79, 84
66, 86, 88, 91
11, 15, 28, 29, 46, 54, 55, 70, 79, 89
11, 12, 13, 36, 39, 42, 69, 70, 74, 77
28, 65, 77, 80, 83, 84, 86, 92
11, 19, 23, 29, 43, 69
11, 42, 70, 90
11, 43, 65, 83
39, 41, 42, 48, 55, 76, 78
19, 24, 28, 39, 42, 43, 48, 72
28, 41, 47, 93
11, 19, 54, 80, 86
4, 5, 17, 30, 45, 57, 79, 87, 88, 93
11, 62, 64, 89
11, 31, 44, 47, 53, 63, 89, 95
28, 30, 51, 85
11, 33, 34, 44, 52, 53, 63, 72, 79, 90, 94
19, 24, 27, 67, 72, 89
11, 15, 26, 33, 49, 69, 93
11, 29, 36, 37, 62, 73, 95
11, 19, 20, 22, 28, 29, 37, 52, 55, 57, 65, 66, 74, 79, 94
11, 20, 64, 67, 71
39, 53, 58, 63
11, 42, 44, 55
11, 52, 69, 71, 81, 85
11, 33, 41, 95
46, 55, 59, 74, 84, 85
11, 22, 23, 53
28, 65, 77, 80, 83, 84, 86, 92
11, 20, 22, 52, 64, 79, 92, 94
11, 21, 22, 24, 25, 28, 70, 95
46, 54, 57, 68, 74, 81
48, 59, 78, 80
11, 16, 18, 35, 36, 40, 45, 52, 77, 78, 82
28, 86, 88, 94, 95
11, 47, 53, 63, 95
11, 13, 26, 52, 80, 91
11, 13, 19, 23, 29, 32, 53, 63, 75, 82, 87, 94
11, 16, 17, 23
1, 10, 22, 44
11, 14, 35, 38, 92
11, 19, 54, 86
11, 54, 56, 73
11, 26, 31, 55
11, 21, 62, 95
11, 20, 40, 52, 71, 74
11, 18, 20, 49, 50, 74, 77, 80
11, 40, 57, 67, 73, 82
28, 37, 39, 63, 77
28, 48, 52, 55, 74
11, 15, 19, 29, 53
28, 31, 45, 73, 86
11, 27, 35, 45, 48, 50, 58, 71, 73, 95
28, 50, 56, 68, 72, 82, 91
11, 39, 44, 60, 92
11, 16, 20, 21, 22, 23, 31, 42, 55, 75, 88, 89, 91
11, 15, 21, 82, 93
46, 56, 65, 78
11, 14, 48, 49, 53, 55, 61, 66, 69, 71, 75, 80, 93
11, 23, 31, 52
11, 29, 37, 62, 73, 95
11, 18, 20, 30, 56, 57, 80
46, 54, 62, 83
11, 23, 35, 38, 64, 66, 75, 94
28, 49, 58, 68, 80, 86, 93
28, 34, 62, 88
4, 15, 19, 20, 33, 43, 52, 54, 68, 71, 75, 80, 83, 89, 92
11, 20, 22, 57, 65
11, 29, 47, 52
11, 22, 58, 59
28, 48, 80, 82
46, 62, 68, 70, 82
11, 28, 74, 77, 79
11, 19, 20, 22, 28, 37, 52, 55, 65, 66, 74, 94
11, 21, 23, 36, 48
11, 13, 25, 30, 35, 36, 43, 61, 63, 79, 85, 92, 93, 94
11, 20, 70, 76
11, 47, 63, 89
11, 20, 50, 74, 80
11, 15, 31, 50, 57
11, 28, 29, 68, 93
11, 12, 14, 17, 39, 53, 64, 67, 75, 86, 87
11, 50, 56, 65, 76
28, 29, 37, 39, 63, 77
11, 32, 42, 50, 58, 73
11, 16, 41, 75
11, 32, 42, 50, 55, 73
11, 19, 31, 32, 35, 42, 50, 52, 55, 58, 64, 73
11, 32, 35, 42, 50, 52, 55
11, 16, 17, 47
11, 47, 75, 89
11, 20, 47, 55, 75, 89, 90
28, 60, 61, 65
12, 32, 46, 65, 86
28, 29, 50, 66
12, 18, 32, 37, 82, 88
28, 49, 63, 95
12, 31, 41, 48, 61, 79, 82
12, 41, 42, 55
12, 39, 75, 83
12, 19, 23, 74, 87
12, 19, 21, 70
46, 52, 68, 81
12, 23, 28, 62, 94
12, 18, 32, 37, 82, 88
12, 17, 31, 35, 53, 57, 68, 69
12, 40, 64, 80
53, 82, 88, 91
12, 18, 27, 69, 92
12, 23, 29, 32
36, 40, 55, 81
12, 14, 65, 90
12, 20, 48, 55
12, 15, 22, 23, 27, 29, 31, 32, 59, 72, 73, 77, 79, 82
67, 80, 84, 85
24, 34, 39, 70
12, 15, 21, 27, 31, 32, 37, 38, 50, 52, 54, 63, 69, 71, 80, 90
12, 14, 23, 26, 33, 63, 66, 69, 70, 72, 83, 92, 94, 95
12, 17, 34, 36, 38, 42, 45, 47, 55, 57, 82, 85, 91
12, 15, 36, 74, 91
46, 85, 88, 89
46, 64, 81, 86, 93, 95
28, 34, 44, 76, 79, 80, 87, 89
12, 60, 62, 63, 72, 73, 77, 79, 84
67, 83, 87, 92
12, 50, 61, 64
12, 20, 21, 37, 67, 73, 74
12, 19, 28, 34
12, 17, 18, 25, 74
12, 16, 76, 78
12, 31, 46, 77
12, 21, 24, 88
12, 15, 69, 85
12, 18, 20, 60, 66
46, 64, 74, 80
45, 66, 74, 94
12, 68, 88, 92
12, 42, 60, 74, 77, 88
12, 19, 35, 46, 49, 69
12, 16, 21, 50, 56, 65
28, 31, 32, 33, 40, 54, 63, 83, 87, 95
12, 15, 16, 18, 55, 78
28, 30, 49, 50, 52, 58, 82
12, 14, 27, 28, 95
12, 31, 54, 55, 77
12, 75, 80, 81
28, 34, 56, 87
12, 25, 52, 56, 91
28, 60, 65, 92
12, 28, 56, 94
28, 49, 58, 68, 86
12, 43, 65, 73
12, 30, 52, 56, 60, 73
28, 39, 47, 57
12, 29, 34, 86
12, 40, 44, 74, 83
46, 68, 74, 80
12, 17, 46, 85
28, 37, 39, 63, 77
12, 41, 46, 60, 91
12, 31, 40, 72
28, 33, 61, 63
12, 26, 32, 37
28, 31, 33, 36, 42, 52, 64, 69, 73, 78
12, 23, 64, 92
16, 27, 39, 62
12, 28, 38, 66, 68, 78
12, 20, 29, 44, 68, 75
28, 33, 35, 47
12, 48, 86, 93
12, 13, 42, 60, 90
12, 33, 56, 67, 85
12, 17, 46, 85
12, 16, 46, 93
28, 66, 72, 77, 87
12, 14, 16, 20, 47, 81
28, 32, 37, 67, 74, 95
12, 16, 35, 49, 55, 77
12, 32, 65, 79, 84, 85
12, 40, 64, 80
12, 13, 21, 69
12, 26, 27, 40, 48, 61, 65, 83, 92, 94
12, 32, 88, 95
33, 52, 54, 57, 63, 74, 95
12, 13, 15, 29, 30, 31, 46, 47, 54, 59, 75, 76, 87
12, 26, 41, 92
47, 52, 68, 93
12, 16, 24, 27, 34, 46, 49, 65, 69, 71
12, 17, 31, 35, 53, 57, 68
28, 45, 61, 65
12, 27, 28, 55, 87
46, 64, 65, 70
28, 36, 42, 58, 66
46, 67, 78, 86, 87
12, 17, 34, 36, 38, 42, 45, 47, 55, 57, 82, 85, 91
28, 32, 44, 92, 94
12, 26, 59, 65, 85
12, 25, 29, 47, 56, 60
12, 21, 23, 26, 61, 81, 89
12, 52, 68, 89
12, 15, 18, 32, 34, 36, 40, 46, 54, 65, 78, 86, 88, 95
12, 14, 18, 22, 76
46, 74, 85, 89
28, 33, 40, 54, 63, 83, 95
46, 50, 74, 78
12, 17, 45, 65, 73
12, 21, 34, 41, 43, 58, 65, 81, 86
28, 29, 50, 57, 88, 93, 94
16, 45, 47, 70
47, 57, 75, 91
12, 29, 39, 40, 66, 84
28, 37, 64, 92
12, 22, 37, 38, 50, 55, 71
12, 43, 62, 63, 94
12, 19, 41, 53, 72
12, 13, 37, 79, 90
12, 23, 42, 70
12, 15, 86, 92
47, 71, 76, 77, 78, 79
25, 34, 35, 67, 74, 93
29, 30, 39, 73
12, 33, 61, 68, 92
12, 15, 21, 34, 39, 41, 54, 63, 69, 93
12, 18, 27, 69
12, 26, 83, 92
47, 52, 79, 94
12, 22, 23, 26, 38, 43, 90
47, 48, 61, 66, 72, 79, 81, 87
12, 21, 25, 89, 94
12, 15, 22, 26, 41, 43, 56, 69, 81, 88, 95
47, 65, 89, 90, 93
36, 70, 88, 95
12, 28, 36, 44, 64, 78, 95
12, 28, 33, 35, 48, 50, 72, 84
29, 30, 39, 73
29, 68, 89, 91
12, 15, 28, 68, 79, 80
12, 31, 82, 86
1, 4, 5, 6, 8, 9, 10, 11, 14, 15, 17, 19, 23, 25, 27, 28, 30, 31, 32, 33, 36, 40, 42, 43, 45, 46, 48, 49, 50, 51, 53, 55, 58, 60, 61, 63, 64, 66, 67, 69, 71, 73, 74, 78, 80, 81, 82, 83, 85, 86, 87, 88, 89, 90, 92
47, 57, 68, 85
12, 52, 68, 89
36, 65, 69, 79
29, 47, 62, 84
12, 24, 42, 49, 72
12, 28, 41, 47, 93
29, 31, 52, 93
12, 63, 77, 85
12, 20, 21, 37, 67, 73, 74
12, 16, 24, 50, 56
29, 34, 42, 83, 95
