5, 36, 67, 72
5, 17, 26, 28, 41, 56, 59, 66, 69, 71, 76, 90, 93
5, 7, 16, 52, 82, 90, 91
5, 31, 56, 84
5, 24, 68, 76, 82, 88
5, 21, 39, 45, 56
20, 22, 24, 50, 55, 79
5, 55, 62, 67
5, 6, 12, 13, 15, 16, 18, 21, 30, 32, 38, 39, 50, 53, 55, 60, 62, 69, 73, 74, 78, 79, 80, 83
5, 6, 15, 23, 26, 37, 47, 53, 61, 62, 73, 77
5, 26, 50, 82
20, 27, 33, 34, 37, 41, 52, 55, 70, 87
5, 23, 39, 67, 87, 94
20, 32, 36, 74, 78, 95
5, 8, 11, 15, 24, 26, 31, 38, 40, 46, 60, 74, 85, 89
5, 7, 25, 42, 95
5, 16, 41, 45, 61, 62, 84, 88, 95
20, 30, 58, 59, 72, 83
20, 27, 35, 36, 45, 53, 66, 72, 80, 85
20, 39, 55, 60, 66, 67, 75, 76
20, 21, 43, 49, 84, 91
5, 10, 12, 13, 14, 15, 17, 19, 20, 21, 23, 24, 27, 29, 30, 33, 35, 45, 47, 49, 53, 57, 61, 62, 63, 64, 65, 70, 77, 79, 85, 88, 90, 91, 94
20, 25, 32, 43, 75, 79, 93, 95
5, 14, 24, 69, 81
5, 6, 68, 76
5, 10, 19, 20, 30, 37, 38, 48, 59, 61, 80, 90, 91, 94
5, 13, 14, 21, 38, 55, 62, 63, 84, 95
20, 55, 60, 66, 67, 75, 76, 78
5, 9, 15, 95
5, 21, 39, 45, 56
5, 12, 14, 15, 22, 28, 29, 40, 57, 60, 73, 81, 92
20, 21, 53, 77
5, 18, 35, 55, 78, 92
20, 23, 25, 71, 77, 84, 92
5, 18, 20, 23, 57, 70, 71
5, 17, 30, 32, 45, 73
20, 53, 71, 72
37, 62, 66, 95
20, 31, 32, 43, 49, 69, 95
5, 16, 33, 34, 35, 87
5, 31, 50, 55, 66, 72, 76, 83
5, 18, 31, 49, 65
5, 7, 10, 16, 17, 18, 22, 30, 32, 64, 65, 81
37, 57, 62, 67
20, 26, 31, 46, 63, 69, 74, 89
20, 39, 78, 95
5, 32, 34, 41
5, 20, 25, 28
5, 10, 36, 45, 72, 83, 93
20, 45, 73, 75, 95
5, 8, 21, 46, 56, 70, 95
5, 12, 13, 14, 18, 42, 43, 52, 57, 66, 67, 69, 71, 73, 87, 91, 94
5, 30, 64, 82
20, 36, 62, 79, 84, 93
20, 40, 52, 57, 65, 70, 78, 87, 92
5, 38, 42, 49, 60, 74, 82
5, 13, 26, 27, 72
5, 17, 33, 47, 58, 86
5, 18, 24, 28, 45, 78, 81
5, 18, 23, 32, 68, 75, 78, 80
5, 43, 55, 58, 89, 92, 93
20, 31, 82, 91
20, 22, 35, 58
5, 14, 49, 63, 84, 88
20, 30, 33, 76
5, 13, 15, 35, 42, 43, 70, 82
37, 39, 69, 90
5, 10, 18, 29, 30
5, 10, 12, 55, 79, 89
37, 39, 40, 57, 58
20, 29, 41, 43, 57, 73, 91, 95
5, 18, 57, 67, 72
15, 21, 38, 58, 79, 82, 94
20, 39, 50, 91
5, 27, 56, 69
5, 37, 40, 73, 79, 82
15, 19, 37, 62
5, 15, 24, 33, 60, 73, 88, 91
20, 30, 46, 87
5, 6, 70, 81, 85
5, 21, 39, 44, 64, 74, 95
5, 19, 46, 59, 82
5, 46, 68, 74, 76, 78
5, 45, 75, 77
5, 34, 35, 39, 58, 85, 95
5, 34, 39, 64, 75
5, 8, 11, 13, 30, 41, 53, 69, 90
5, 12, 16, 21, 23, 26, 54, 56, 61, 72, 81, 84, 85, 89, 90, 91
5, 9, 60, 69, 71, 72, 77, 80, 93
20, 32, 76, 88
5, 14, 15, 25, 32, 75, 80, 85, 93
5, 10, 34, 89
29, 44, 50, 53, 57, 68, 81, 86
5, 8, 82, 84
57, 76, 81, 91
5, 17, 29, 37, 47, 48, 64, 70, 71, 72, 74, 77, 84, 91
20, 69, 72, 73
5, 12, 47, 77
20, 40, 63, 91
17, 28, 34, 58
37, 44, 69, 84
37, 38, 66, 84
5, 8, 16, 26, 30, 36, 40, 43, 45, 48, 60, 62, 65, 66, 72, 76, 77, 85, 86, 87, 88
5, 32, 39, 67, 91, 93, 94
15, 25, 44, 59, 68, 90
5, 15, 19, 62, 68
37, 72, 73, 79
5, 31, 42, 92, 94
5, 9, 38, 40, 50, 54, 62, 65, 73, 74, 81, 88
20, 44, 70, 80, 93
5, 21, 35, 36
20, 30, 34, 40, 45, 70, 88, 94
5, 45, 48, 83
5, 14, 41, 43, 79
5, 26, 41, 58
34, 55, 87, 95
20, 23, 44, 46
5, 22, 25, 75, 95
37, 57, 84, 90
5, 12, 25, 31, 33
34, 42, 48, 54, 81, 95
20, 22, 34, 41, 69, 72, 76, 83
20, 44, 50, 53, 66
5, 58, 68, 89
5, 36, 39, 88
20, 30, 58, 80, 81, 82
5, 11, 42, 67, 79, 84, 95
5, 20, 32, 33, 34, 35, 59, 70, 71, 77, 78, 86
5, 39, 70, 88
5, 14, 35, 44, 53, 55, 75, 77, 95
5, 15, 47, 54, 61, 82, 83, 92
5, 13, 27, 52, 60, 67, 75, 78
5, 29, 41, 45, 61, 62, 69, 71, 92
5, 16, 34, 57, 64, 65, 70, 73, 91
5, 7, 39, 70
5, 10, 50, 65, 66, 73, 90
5, 18, 20, 23, 57, 70
5, 31, 37, 84
5, 40, 61, 65
5, 15, 44, 63, 76, 95
20, 33, 37, 64
5, 9, 16, 27
5, 47, 55, 79, 90
5, 31, 57, 59, 90, 92
5, 44, 63, 82, 87
5, 11, 12, 20, 23, 25, 26, 34, 36, 38, 40, 42, 45, 52, 60, 66, 69, 74, 77, 79, 85, 86, 91, 94
15, 19, 32, 49, 56, 66, 84, 87, 91, 95
5, 27, 63, 91
5, 18, 21, 74
5, 6, 7, 8, 9, 11, 13, 15, 21, 23, 29, 32, 34, 41, 43, 44, 53, 59, 62, 63, 67, 69, 72, 75, 82, 84, 87, 88, 90, 92, 94, 95
37, 46, 48, 57, 64
5, 6, 19, 26, 27, 33, 48, 53, 63, 64, 67, 70, 88
5, 6, 35, 65, 68, 72
5, 19, 24, 27, 29, 43, 44, 66, 77, 80
5, 29, 35, 36, 40, 44, 45, 73, 74, 88, 89
5, 13, 74, 82
5, 21, 75, 86
20, 35, 36, 46, 76
5, 9, 33, 56, 94, 95
5, 17, 22, 25, 56, 65
5, 8, 9, 10, 13, 20, 24, 50, 53, 55, 57, 63, 64, 68, 77, 78, 80, 81, 87
5, 35, 90, 92
20, 31, 33, 58
5, 28, 55, 77
37, 44, 62, 63, 68, 94
5, 6, 17, 24, 35, 88
5, 23, 26, 91
5, 13, 23, 53
5, 29, 30, 39, 47, 48, 50, 69, 70, 73, 76, 80
57, 66, 77, 89, 93
20, 31, 82, 91
20, 32, 74, 78
5, 9, 11, 14, 41, 50, 63
5, 9, 10, 13, 15, 16, 17, 22, 26, 33, 39, 40, 41, 43, 48, 50, 58, 62, 66, 69, 72, 77, 79, 82, 90, 93, 95
15, 18, 35, 37, 53, 54, 60, 81, 83, 86, 93
20, 32, 55, 81
37, 55, 84, 92
5, 6, 14, 41, 44, 52, 58, 65, 66, 73, 80, 84, 88
5, 15, 61, 82, 83, 92
5, 9, 10, 18, 23, 27, 28, 29, 32, 35, 47, 48, 50, 57, 58, 59, 61, 62, 72, 73, 81, 90, 92, 95
20, 24, 41, 43, 74, 80, 81
20, 29, 40, 42, 63, 69, 79, 85
37, 47, 54, 79, 93
20, 34, 36, 37, 40, 55, 81
5, 18, 23, 32, 60, 68, 75, 78, 80
5, 23, 47, 58
5, 8, 10, 42, 44, 50, 71
32, 39, 42, 66, 67, 72, 82, 83, 85
5, 6, 58, 61, 86
5, 37, 49, 80, 90, 92
15, 48, 55, 72
20, 27, 46, 70
5, 17, 19, 32, 38, 53, 67, 70, 78
20, 42, 46, 47
20, 29, 40, 42, 63, 69, 79, 85
20, 25, 50, 52, 60, 68, 80, 90
20, 34, 59, 65, 95
5, 7, 10, 16, 17, 22, 30, 32, 64, 65, 81
5, 16, 33, 34, 50, 76, 93
5, 40, 61, 65
38, 42, 71, 77, 89, 95
5, 16, 41, 45, 61, 62, 84, 88, 95
5, 20, 25, 54, 72
5, 23, 32, 84
20, 22, 62, 66
5, 50, 73, 87
5, 7, 11, 22, 26, 46, 47, 49, 57, 59, 67, 68, 76, 84, 85, 86, 90
5, 8, 10, 13, 21, 27, 32, 34, 39, 48, 53, 55, 58, 62, 64, 65, 68, 73, 81, 86, 93
38, 47, 62, 68, 81, 94
5, 11, 14, 21, 25, 31, 39, 53, 58, 60, 62, 67, 68, 73, 76, 80, 83, 86, 89, 91
20, 29, 56, 93
5, 37, 59, 70, 92
5, 8, 29, 40, 68, 86
20, 26, 58, 68
20, 21, 39, 47, 48, 54, 61, 62, 63, 88
5, 6, 32, 42, 55, 73, 87, 95
38, 52, 70, 90
5, 7, 8, 25, 26, 43, 46, 49, 64, 65, 68, 72, 77, 93, 94
5, 10, 21, 49, 55
5, 27, 56, 69
20, 29, 42, 56, 60
5, 31, 54, 86
5, 6, 23, 33, 38, 47, 63, 65, 89
5, 10, 29, 34, 36, 43, 44, 52, 57, 59, 68, 72, 77, 79, 90, 93, 94
5, 17, 34, 47, 53, 81
5, 9, 13, 18, 29, 42, 49, 52, 58
20, 26, 52, 69
5, 6, 14, 50, 79, 88
5, 11, 26, 50, 53
20, 31, 32, 43, 69, 95
20, 30, 58, 59, 72, 83
20, 29, 41, 43, 57, 73, 91, 95
29, 49, 73, 78
5, 15, 79, 90
5, 6, 21, 23, 25, 27, 30, 33, 34, 37, 40, 56, 58, 65, 67, 72, 83, 84, 86, 92
5, 30, 42, 45
5, 16, 38, 44, 53, 65, 74, 91
5, 27, 32, 43
20, 26, 31, 63, 69, 74, 89
20, 57, 69, 89
5, 13, 29, 34, 36, 51, 52, 66, 69, 73, 79, 80, 82
38, 42, 79, 89
5, 10, 12, 13, 14, 15, 17, 19, 20, 21, 23, 24, 27, 29, 30, 33, 35, 45, 47, 49, 53, 57, 61, 62, 63, 64, 65, 70, 77, 79, 85, 88, 90, 91, 94
5, 30, 48, 50, 57, 91
20, 26, 31, 58, 89
5, 13, 29, 34, 36, 52, 66, 69, 73, 79, 80, 82
20, 49, 62, 78, 83
20, 44, 50, 69, 75
5, 13, 26, 69, 77
5, 34, 55, 84
20, 22, 25, 45, 55, 66, 91
5, 6, 58, 61, 86
5, 36, 71, 90, 94
5, 28, 77, 88
20, 23, 31, 39, 65, 66, 88
5, 8, 25, 68
5, 10, 29, 34, 43, 44, 52, 72, 93
5, 11, 12, 20, 23, 25, 26, 34, 36, 38, 40, 42, 45, 52, 60, 66, 69, 71, 74, 77, 79, 85, 86, 91, 94
38, 44, 55, 58, 62
20, 44, 48, 73
3, 24, 26, 31, 58, 73
20, 45, 73, 75
5, 14, 22, 33, 41, 55, 62, 85, 89, 92
5, 18, 23, 63, 64, 67, 77
5, 18, 56, 80
5, 8, 82, 84
5, 7, 16, 26, 29, 31, 39, 53, 57, 60, 62, 68, 84, 87, 89, 91
5, 21, 75, 83, 86
20, 44, 45, 58, 90
20, 34, 70, 94
38, 49, 50, 87
20, 32, 34, 57, 58, 69, 70, 89
20, 32, 36, 74, 78, 95
5, 26, 58, 59, 61, 76
5, 31, 52, 59, 62, 63, 90
5, 13, 83, 91, 95
5, 7, 26, 72
5, 17, 36, 82
38, 47, 52, 90
5, 36, 90, 94
5, 12, 15, 26, 60
5, 24, 34, 53
38, 39, 63, 75, 92
54, 74, 77, 79
20, 52, 55, 60
5, 7, 8, 9, 13, 23, 25, 29, 40, 45, 47
20, 39, 45, 83
5, 36, 77, 90
5, 30, 33, 35, 62
5, 26, 27, 53, 64, 67, 88
5, 7, 10, 12, 14, 15, 16, 19, 35, 47, 53, 57, 65, 67, 68, 70, 83, 86, 87, 88
5, 19, 21, 23, 36, 56, 65, 76, 81
5, 12, 16, 21, 23, 26, 54, 56, 61, 72, 81, 84, 85, 89, 90, 91
20, 34, 48, 89
5, 15, 19, 62, 68
15, 20, 24, 25
20, 29, 69, 76
58, 69, 93, 95
5, 69, 79, 95
20, 28, 47, 55, 86
20, 34, 70, 94
5, 20, 32, 60
5, 17, 19, 32, 38, 53, 67, 70, 78
5, 24, 29, 48, 55, 59, 69, 74, 79, 94
5, 23, 24, 38, 39, 71, 79, 82
20, 32, 55, 56, 72, 79, 83, 86, 89
20, 23, 44, 46, 82
20, 29, 35, 56
5, 43, 47, 62
5, 29, 67, 89
5, 17, 39, 49, 65, 86, 88
5, 35, 44, 80, 82
5, 15, 44, 63, 76, 82, 95
20, 29, 40, 42, 63, 69, 79, 85
20, 25, 50, 52, 60, 68, 80, 90
20, 31, 34, 38, 50, 53, 61, 63, 65, 71, 75
5, 46, 50, 76
20, 34, 46, 47, 75
5, 15, 22, 24, 31, 34, 37, 48, 59, 73, 82, 88
5, 28, 71, 77, 88
20, 52, 55, 60
3, 4, 6, 8, 19, 20, 28, 39, 46, 52, 57, 65, 76, 78, 81, 85, 90, 93
5, 27, 63, 91
5, 29, 67, 89
5, 11, 17, 21, 32, 38, 40, 45, 73, 74, 88, 95
5, 19, 28, 37
5, 30, 34, 56, 87
5, 11, 26, 31, 76
20, 38, 55, 89, 91, 93
5, 20, 24, 50, 84, 92
38, 85, 90, 95
38, 40, 63, 67
20, 39, 45, 83
5, 10, 14, 29, 57, 62
5, 29, 64, 89
20, 44, 50, 69, 75
5, 6, 27, 28, 30, 39, 42, 46, 64, 84
5, 16, 69, 70
5, 7, 16, 26, 29, 31, 33, 34, 37, 39, 45, 52, 53, 57, 60, 62, 68, 84, 87, 89, 91, 95
38, 60, 74, 77, 92
5, 15, 19, 62, 68
20, 40, 52, 57, 65, 70, 78, 87, 92
20, 34, 68, 89
5, 10, 11, 14, 16, 39, 49, 63, 80, 85, 88, 95
20, 23, 47, 55, 63, 86, 89, 94
5, 72, 77, 80, 93
38, 41, 65, 76, 82, 88
38, 42, 71, 77, 89, 95
5, 30, 34, 56, 87
35, 45, 66, 95
5, 20, 32, 37, 49
5, 13, 27, 72
5, 6, 7, 12, 14, 15, 18, 20, 22, 24, 25, 26, 29, 30, 31, 34, 36, 37, 40, 41, 45, 47, 48, 53, 56, 58, 59, 60, 61, 66, 67, 68, 73, 74, 75, 81, 82, 86, 88, 89, 91, 92, 94, 95
20, 32, 75, 79, 93, 95
5, 15, 17, 22, 39, 40, 66
20, 29, 53, 76
5, 7, 32, 55, 90
20, 35, 36, 39, 66, 93
15, 23, 24, 42, 62, 71, 80, 88, 95
38, 44, 48, 79
20, 25, 39, 53, 85
5, 17, 47, 81
5, 6, 21, 23, 25, 27, 30, 34, 56, 58, 60, 65, 67, 72, 83, 84, 92
20, 23, 24, 65, 90
38, 57, 80, 83
20, 29, 35, 56
5, 45, 57, 87
5, 22, 48, 65
5, 30, 48, 50, 57, 91
20, 28, 47, 54, 82
5, 23, 32, 84
5, 43, 55, 58, 89, 92, 93
5, 31, 55, 72, 76, 83
21, 26, 29, 35, 57, 58, 74, 76, 92
5, 21, 75, 86
5, 16, 37, 41, 43, 44, 49, 50, 54, 57, 66, 68, 74, 82, 91
21, 40, 52, 60
21, 32, 71, 92
21, 27, 33, 43, 54, 72, 83, 88
21, 36, 86, 89
5, 6, 7, 9, 22, 23, 35, 40, 42, 45, 46, 48, 58, 77, 78, 79, 86
21, 55, 65, 74, 85
20, 53, 71, 72
21, 25, 37, 39, 40, 43, 94
21, 25, 55, 81, 90, 93
5, 25, 54, 72
21, 24, 48, 67
5, 8, 17, 25, 30, 65, 66, 72, 95
21, 32, 60, 91
5, 43, 47, 62
21, 29, 63, 67, 78
21, 25, 35, 38, 73
5, 11, 42, 67, 79, 95
21, 27, 30, 45, 56, 65, 81, 90
5, 53, 55, 67
21, 27, 53, 60
21, 22, 26, 37, 39, 58, 69, 70, 73, 75, 91
21, 40, 77, 85
5, 21, 64, 74
5, 44, 48, 56, 69, 90
21, 22, 33, 35, 42, 57, 60, 61, 77, 86, 88, 89
5, 43, 67, 80
38, 55, 61, 63, 81
38, 62, 65, 68, 78, 93
63, 68, 72, 94
21, 23, 25, 38, 41, 49, 56
5, 9, 29, 32, 33, 36, 40, 68, 77, 80, 94
5, 66, 83, 89
5, 10, 50, 66, 73, 90
5, 9, 21, 32, 41, 73, 84
5, 6, 14, 17, 19, 22, 28, 32, 34, 42, 49, 59, 60, 67, 73, 75, 82, 86, 91, 93
5, 15, 58, 72, 76
5, 27, 32, 43
5, 7, 8, 12, 17, 21, 22, 23, 24, 30, 33, 42, 47, 58, 60, 64, 77, 82, 92
21, 35, 55, 56, 85, 86
5, 33, 42, 76
5, 46, 68, 74, 78
5, 6, 10, 11, 13, 23, 46, 49, 60, 62, 63, 66, 69, 70, 73, 79
5, 20, 24, 43, 75, 94
5, 16, 17, 19, 20, 22, 24, 25, 28, 46, 48, 52, 55, 57, 60, 61, 72, 73, 74, 75, 82, 91, 92, 95
5, 10, 36, 43, 44, 57, 72, 77, 79, 90, 93, 94
58, 69, 81, 88, 90
21, 27, 41, 46, 54, 74
5, 11, 19, 24, 29, 31, 33, 37, 39, 48, 55, 66, 73, 74, 78, 81, 85, 87
5, 8, 10, 11, 12, 15, 17, 18, 21, 27, 28, 29, 30, 32, 34, 35, 39, 40, 42, 45, 46, 47, 52, 58, 60, 62, 63, 64, 66, 67, 71, 72, 76, 78, 79, 82, 83, 87, 91
5, 58, 68, 89
5, 17, 22, 25, 65
5, 14, 49, 84
5, 7, 27, 30, 31, 34, 41, 44, 47, 54, 64, 66, 67, 69, 71, 75, 76, 79, 80, 84, 85, 90, 93
5, 9, 10, 13, 14, 20, 24, 25, 27, 37, 45, 50, 56, 57, 61, 69, 70, 75, 80, 85, 88, 91, 92, 93, 95
21, 23, 32, 33, 35, 45, 57, 88
5, 30, 32, 44, 73
5, 34, 64, 69
5, 17, 29, 37, 47, 48, 70, 72, 74, 77
5, 40, 50, 93
5, 25, 75, 93
21, 34, 77, 93
5, 36, 45, 72
5, 10, 15, 18, 20, 24, 29, 33, 35, 39, 43, 48, 57, 62, 67, 81, 86, 88, 89, 91, 93
21, 43, 69, 93
5, 16, 17, 33, 92
5, 15, 17, 19, 20, 34, 35, 40, 43, 50, 51, 55, 60, 65, 69, 76, 77, 81, 82, 87, 91, 95
21, 34, 45, 83
5, 31, 52, 59, 62, 63, 90
5, 25, 47, 95
5, 7, 30, 70, 94
5, 8, 32, 60, 63, 64
21, 41, 46, 65
5, 8, 38, 40
5, 7, 8, 9, 10, 11, 12, 13, 14, 16, 17, 18, 19, 20, 22, 24, 26, 31, 32, 36, 37, 38, 39, 40, 41, 42, 43, 44, 45, 46, 48, 50, 52, 53, 55, 57, 58, 59, 61, 62, 63, 65, 66, 69, 70, 71, 72, 75, 76, 78, 79, 80, 81, 86, 88, 89, 90, 91, 93, 95
21, 23, 25, 38, 41, 49, 56
5, 8, 11, 17, 23, 25, 29, 37, 73, 89, 93
5, 6, 7, 10, 18, 20, 25, 27, 28, 31, 32, 37, 38, 40, 41, 45, 46, 54, 56, 62, 64, 68, 70, 73, 77, 78, 81, 90, 91, 92, 95
21, 30, 48, 82
5, 11, 15, 27, 35, 40, 47, 50, 51, 52, 53, 71, 79, 81, 87
21, 26, 46, 66
5, 23, 39, 67, 87, 94
21, 66, 71, 94
5, 6, 17, 32, 40, 46, 50, 57, 64, 67, 73
5, 9, 29, 34, 43
5, 8, 11, 17, 23, 25, 29, 37, 73, 89, 93
5, 32, 67, 94
5, 30, 64, 82
21, 27, 46, 72, 90
5, 15, 26, 60
5, 6, 15, 23, 26, 37, 53, 62, 73, 77
5, 28, 31, 41, 46, 56, 68, 77, 81, 95
21, 39, 57, 80
21, 36, 86, 89
5, 10, 19, 45
5, 26, 27, 30, 41, 52, 53, 57, 66, 81, 91
5, 10, 21, 27, 55, 74
5, 19, 23, 29, 36, 49, 60, 68, 73, 83, 93
38, 46, 47, 70
5, 6, 9, 12, 13, 14, 19, 20, 26, 28, 30, 33, 35, 36, 39, 40, 42, 44, 46, 47, 49, 50, 53, 54, 55, 60, 62, 68, 69, 70, 71, 75, 77, 78, 79, 81, 90, 91, 92, 93, 94
5, 22, 42, 91
5, 7, 8, 15, 24, 41, 42, 44, 49, 52, 55, 56, 57, 61, 72, 78, 83, 84, 85, 87, 93
5, 6, 7, 8, 13, 17, 40, 41, 54, 61, 65, 67, 74, 75, 76, 77, 80, 87
38, 48, 50, 83
35, 37, 41, 42, 68, 70
5, 13, 17, 20, 29, 34, 40, 58, 59, 65, 68, 70, 74, 93
21, 64, 65, 88
5, 6, 18, 82, 89
5, 29, 47, 48, 64, 70, 74, 91
5, 25, 32, 81
38, 50, 68, 92
5, 23, 53, 73
5, 30, 34, 94
21, 29, 81, 87
5, 10, 11, 13, 15, 19, 34, 35, 46, 58, 72, 75
5, 12, 36, 42, 47, 55, 65, 66
5, 31, 48, 76
5, 9, 15, 20, 25, 29, 41, 45, 52, 78
21, 25, 35, 38, 73
5, 18, 20, 25, 27, 31, 32, 40, 41, 54, 56, 62, 64, 68, 70, 77, 81, 90, 91, 92, 95
5, 23, 55, 77
5, 22, 48, 68, 75, 95
21, 35, 56, 74, 92
5, 50, 59, 62
5, 7, 16, 52
5, 34, 35, 58, 95
5, 17, 39, 74, 94
58, 69, 81, 88, 90
17, 29, 34, 71, 77, 92
38, 52, 62, 63
5, 10, 38, 45, 51
21, 23, 29, 50, 64, 86
21, 40, 74, 90
5, 15, 58, 69, 76, 89
5, 58, 75, 78
5, 9, 14, 25, 29, 62, 64, 84
35, 71, 75, 77
5, 10, 12, 14, 23, 30, 47, 55, 62, 78, 81, 91
38, 52, 60, 89
6, 60, 73, 88
6, 11, 36, 41, 42, 62, 70
6, 10, 28, 63, 93
21, 43, 47, 64, 68, 69
6, 11, 28, 37, 53, 82, 85
6, 11, 27, 29, 35, 36, 41, 57, 63, 89, 95
6, 10, 56, 71, 87
6, 25, 26, 33, 72, 92
6, 13, 31, 42, 64, 72, 91
6, 27, 62, 74, 80, 88
21, 45, 53, 62
6, 9, 11, 20, 71, 73, 78, 87, 90, 95
6, 13, 22, 39, 55, 92
6, 20, 29, 30, 31, 35, 49, 76, 94
6, 13, 26, 57
6, 17, 68, 83
38, 57, 80, 83
6, 8, 25, 26
6, 14, 18, 64, 76, 91
6, 14, 15, 53, 72, 74, 80, 81, 82, 89
21, 31, 36, 67
6, 13, 14, 16, 17, 22, 24, 29, 33, 34, 37, 40, 43, 44, 49, 56, 59, 66, 72, 92, 93, 94, 95
6, 11, 28, 37, 53, 82, 85
6, 7, 12, 37, 50, 82
6, 27, 55, 62, 69, 82
6, 42, 47, 56, 70, 76, 78, 95
6, 9, 10, 15, 17, 19, 38, 40, 43, 55, 75, 76, 80, 82, 86, 88, 89
21, 29, 30, 32, 67
6, 27, 60, 73, 88
6, 10, 66, 94
6, 26, 40, 66
38, 42, 49, 89
21, 48, 62, 69
6, 8, 36, 56, 83, 95
21, 32, 39, 44, 48, 53, 59, 80, 83
38, 43, 57, 91
38, 47, 70, 79
6, 11, 19, 46, 51
21, 25, 69, 86
38, 45, 73, 81, 94
6, 10, 11, 13, 20, 23, 31, 33, 36, 46, 47, 54, 55, 57, 62, 64, 65, 68, 70, 76, 84, 85, 87, 91
38, 52, 70, 90
6, 26, 32, 35, 40, 47, 49, 55, 66, 67, 73, 78
6, 16, 21, 28, 50
6, 14, 70, 74
6, 28, 31, 38, 48, 59, 70, 72, 82, 84, 88
6, 17, 33, 35
6, 13, 26, 57
6, 22, 29, 30, 64, 77, 79
6, 16, 26, 30, 54, 79
38, 56, 66, 94
21, 35, 56, 88
6, 48, 50, 87
6, 12, 22, 28, 54, 87, 88, 92
6, 22, 43, 59, 81
6, 13, 49, 84
15, 27, 45, 59
6, 28, 34, 37
6, 13, 49, 84
21, 24, 25, 29, 31, 34, 44, 53, 54, 92, 93
6, 9, 12, 35, 40, 53, 59, 83, 91, 92, 93, 94, 95
21, 35, 62, 88
21, 54, 78, 87
6, 14, 69, 74
5, 15, 17, 21, 76, 92
21, 23, 25, 31, 38, 47, 53, 56, 82, 84, 87, 95
6, 7, 15, 18, 21, 41, 52, 57, 73, 76
6, 20, 26, 31, 36, 45, 48, 60, 65, 69, 77, 93
39, 41, 66, 70, 73, 78, 86
21, 28, 33, 39, 57, 62
6, 11, 36, 70
6, 22, 23, 30, 44, 87, 89, 91
21, 24, 25, 33, 71
6, 18, 19, 30, 33, 36, 38, 40, 45, 58, 60, 75, 77, 81, 83, 87, 90
21, 54, 70, 93
6, 42, 73, 85
6, 14, 22, 26, 29, 77
21, 35, 56, 85, 86
6, 24, 39, 86, 91, 92
6, 10, 36, 47
6, 20, 65, 66, 82, 88
21, 24, 48, 67
6, 34, 43, 74, 82
21, 27, 42, 71
3, 35, 81, 82
6, 8, 11, 12, 15, 28, 34, 53, 55, 73, 79, 87, 88
6, 29, 47, 48, 74, 83, 86
6, 34, 53, 63
39, 53, 58, 63
6, 13, 18, 25, 36, 62, 73, 76
21, 25, 34, 50, 57, 61, 64, 71, 93, 95
6, 22, 26, 37, 38, 55, 62, 89
6, 18, 64, 82
6, 36, 50, 64
21, 35, 64, 95
6, 7, 18, 30, 32, 35, 49, 73, 81, 86, 94
6, 27, 29, 35, 57, 63
21, 34, 49, 72
6, 28, 34, 52, 84
38, 60, 76, 81, 90
6, 33, 38, 81
35, 52, 62, 83, 85
21, 27, 41, 54
21, 42, 43, 76, 86
39, 43, 46, 53, 78, 84, 90
6, 42, 53, 57
39, 55, 69, 86
39, 44, 53, 93
6, 26, 29, 61, 83
6, 33, 45, 73
21, 23, 42, 71, 79
6, 19, 21, 39, 81
21, 30, 74, 88
21, 36, 42, 72
59, 66, 73, 74, 81, 94
6, 26, 41, 65, 68
21, 33, 59, 70, 82
6, 15, 43, 59
32, 65, 71, 80, 83
21, 26, 46, 66
32, 61, 65, 76
6, 10, 11, 31, 34, 37, 42
39, 52, 76, 86
21, 38, 47, 55, 60, 63
6, 11, 25, 76, 87, 91, 93
21, 38, 48, 50, 94
21, 24, 44, 76
6, 30, 36, 62
6, 65, 68, 89
21, 45, 53, 62
6, 20, 26, 30, 84
6, 33, 45, 79, 80
6, 43, 48, 69, 84
6, 50, 66, 93
21, 37, 43, 45, 64, 67, 93
6, 7, 10, 20, 31, 52
21, 22, 38, 53
21, 22, 27, 33, 37, 66, 75, 93
21, 23, 29, 33, 40, 61, 63, 78, 88
6, 15, 28, 38, 85
6, 44, 52, 74
6, 52, 74, 86
6, 14, 62, 87
6, 12, 19, 37, 68, 70
21, 34, 49, 72
6, 15, 20, 28
39, 47, 53, 77
21, 44, 55, 63, 65, 89
6, 26, 54, 67, 69, 73, 85, 95
6, 20, 24, 48, 52, 60, 66, 86, 90
6, 33, 73, 76, 89
6, 42, 89, 91
15, 33, 57, 85
6, 37, 43, 71
6, 15, 19, 26, 55, 90
6, 10, 30, 56, 61, 95
50, 60, 68, 80
6, 7, 14, 16, 17, 20, 24, 33, 42, 44, 46, 53, 54, 61, 71, 74, 75, 77, 84, 86, 88, 89, 91, 92
20, 34, 59, 64
6, 14, 15, 61, 85
6, 16, 20, 42, 52, 77, 82, 86
6, 23, 28, 34, 40, 47, 48, 54, 89
6, 48, 54, 55, 60, 65, 79, 83, 92, 94
6, 17, 18, 21, 70, 78, 83, 87
21, 42, 63, 70, 79, 88
21, 22, 48, 84
21, 37, 43, 61, 93
21, 22, 25, 34, 76, 83, 90
6, 71, 72, 82, 94
6, 7, 8, 16, 19, 23, 28, 36, 37, 38, 43, 44, 45, 48, 53, 54, 61, 63, 68, 73, 78, 79, 81, 84, 85, 88, 91, 94
39, 54, 63, 84
6, 21, 38, 40, 58, 74, 94
21, 52, 54, 63, 69, 74, 75
6, 59, 63, 73
6, 10, 33, 41, 52, 69, 72, 78, 81
29, 30, 33, 91
6, 27, 45, 88
21, 24, 63, 82
6, 9, 25, 44
21, 23, 31, 38, 47, 53, 56, 82, 87, 95
6, 39, 61, 68
6, 16, 56, 80
6, 44, 89, 91
6, 13, 18, 25, 36, 62, 73, 76
15, 21, 34, 45, 65
6, 7, 22, 82
6, 16, 21, 28, 40, 56, 78, 89
39, 66, 70, 73, 78, 86
6, 19, 30, 87
39, 47, 52, 88
6, 25, 35, 54, 62
21, 35, 76, 90
6, 25, 35, 54, 62
6, 19, 26, 73, 84
6, 16, 56, 59, 85
59, 68, 85, 93
6, 18, 57, 60, 63, 95
6, 10, 34, 63
44, 48, 63, 89
6, 23, 57, 80
21, 23, 31, 38, 47, 53, 56, 82, 84, 87, 95
6, 61, 67, 78, 88
6, 10, 13, 20, 24, 30, 39, 48, 57, 67, 83
21, 23, 40, 88
6, 62, 91, 95
6, 14, 33, 47, 55, 63
6, 11, 15, 27, 28, 30, 34, 47, 52, 55, 88
6, 12, 70, 72
3, 20, 41, 82
6, 19, 23, 25, 27, 32, 35, 38, 39, 40, 42, 46, 48, 55, 60, 66, 70, 75, 81, 82, 94
21, 29, 67, 78
21, 58, 79, 82
6, 28, 40, 53, 59, 60, 64, 87, 88
6, 7, 8, 12, 14, 15, 19, 27, 48, 49, 53, 57, 60, 61, 63, 69, 70, 74, 88, 95
21, 88, 91, 92
6, 30, 46, 79
6, 11, 13, 49, 77
15, 38, 75, 76, 88
21, 32, 34, 73, 85
21, 26, 57, 64
7, 19, 24, 32, 42, 44, 47, 61, 69, 80, 91
21, 52, 54, 63, 69, 74, 75
20, 24, 79, 80, 81
21, 28, 69, 72
21, 39, 44, 53, 59
21, 32, 39, 44, 48, 53, 59, 80, 83
6, 8, 61, 84, 89
6, 8, 11, 70
6, 9, 12, 25, 77
21, 38, 48, 50
6, 16, 30, 32, 73, 86, 88, 91
15, 32, 35, 43, 52
6, 9, 52, 54, 72, 81
6, 16, 56, 70, 77
6, 25, 33, 36, 71, 84
6, 7, 18, 30, 35, 49, 73, 81, 86, 94
6, 10, 60, 75
21, 28, 47, 50, 52, 80
6, 12, 14, 19, 31, 38, 42, 52, 53, 57, 58, 59, 61, 78, 82, 86
21, 39, 57, 65, 77
37, 57, 62, 67
6, 12, 70, 72
39, 42, 54, 86
21, 59, 69, 84
32, 33, 48, 70
21, 62, 71, 94
21, 28, 50, 94
21, 69, 93, 94
6, 30, 53, 56, 68, 73, 74, 83, 88
6, 22, 24, 33, 40, 75, 95
6, 26, 29, 50, 62
21, 29, 42, 45, 57, 88
6, 20, 47, 55
6, 34, 43, 74, 82
21, 28, 38, 42
39, 61, 63, 86, 95
6, 29, 47, 68, 69
21, 22, 53, 63, 65, 94
6, 15, 19, 37, 39, 87, 92
6, 7, 21, 56, 94
6, 23, 31, 45, 72
6, 7, 19, 49
6, 16, 18, 35, 56, 80, 87
21, 32, 87, 94
6, 14, 31, 77
6, 7, 22, 82
21, 35, 69, 75, 84, 89
21, 42, 71, 94
21, 29, 35, 91
21, 27, 29, 39, 50, 59, 64, 67, 78, 82, 88
21, 27, 57, 80
15, 35, 53, 60, 81, 86
6, 23, 27, 52
12, 15, 22, 26, 41, 56, 81, 95
21, 40, 60, 91, 92
21, 44, 53, 76, 94
39, 47, 62, 83
6, 28, 40, 53, 59, 60, 64, 87
21, 43, 77, 94
6, 14, 34, 37, 70
21, 45, 66, 74, 89
6, 10, 22, 42
6, 10, 48, 68
6, 42, 47, 56, 70, 76, 78, 95
22, 24, 45, 66
39, 52, 63, 87
22, 43, 77, 87
22, 32, 73, 74, 81, 89
6, 17, 57, 86, 94
6, 16, 56, 59, 85
22, 31, 53, 78
22, 39, 59, 75, 91
6, 8, 76, 87
6, 7, 10, 12, 16, 17, 23, 24, 27, 29, 33, 34, 35, 41, 43, 44, 46, 47, 53, 57, 68, 71, 76, 78, 85, 94, 95
6, 42, 79, 85
39, 58, 67, 82
6, 21, 42, 73
6, 16, 35, 55, 61, 62, 70, 73, 79, 82, 84, 91
6, 23, 30, 88
39, 52, 66, 85
22, 74, 76, 88
6, 7, 10, 12, 16, 17, 23, 24, 27, 28, 29, 33, 34, 35, 41, 43, 44, 46, 47, 57, 64, 68, 71, 76, 78, 85, 94, 95
22, 31, 42, 66, 71
6, 28, 57, 60, 87
6, 9, 17, 31, 79
6, 22, 26, 38, 55, 89
22, 41, 44, 57, 79
6, 8, 36, 55, 92
22, 41, 44, 57, 79
39, 55, 69, 86
26, 33, 53, 57
58, 68, 71, 92
6, 22, 43, 59, 81
22, 48, 49, 77, 88
56, 73, 76, 91
