14, 17, 21, 39, 42, 44, 73, 87, 88
0, 19, 50, 83, 91
0, 28, 35, 38, 39, 44, 46, 60, 62, 79, 88
0, 1, 2, 3, 4, 5, 6, 7, 8, 9, 10, 11, 12, 14, 15, 16, 17, 19, 20, 21, 22, 23, 24, 25, 26, 27, 28, 30, 32, 33, 34, 36, 37, 38, 39, 40, 42, 44, 45, 46, 47, 53, 54, 55, 56, 57, 59, 60, 61, 62, 63, 64, 65, 66, 67, 68, 69, 70, 71, 72, 73, 74, 76, 77, 78, 79, 80, 81, 82, 83, 84, 85, 86, 87, 88, 89, 90, 91, 92, 94, 95
0, 1, 2, 3, 4, 5, 6, 7, 8, 9, 10, 11, 12, 13, 14, 15, 16, 17, 18, 20, 21, 22, 23, 24, 25, 26, 28, 29, 30, 31, 32, 33, 34, 35, 36, 37, 39, 40, 41, 42, 43, 44, 46, 47, 48, 49, 50, 52, 53, 54, 55, 56, 57, 58, 60, 61, 62, 63, 64, 65, 66, 67, 68, 69, 70, 71, 72, 73, 74, 75, 76, 77, 78, 79, 80, 81, 82, 83, 84, 85, 86, 87, 88, 89, 90, 91, 92, 93, 94, 95
30, 31, 54, 95
14, 28, 85, 93
14, 22, 41, 55, 63
30, 47, 56, 74, 82
0, 15, 45, 76, 79, 82
0, 2, 3, 19, 24, 29, 32, 50, 54
14, 27, 66, 87
0, 17, 26, 32, 53, 57, 59, 69, 75, 77
14, 58, 62, 65, 82
0, 13, 15, 24, 33, 38, 39, 43, 49, 55, 57, 65
0, 24, 38, 45, 46, 67, 86, 91
0, 1, 2, 3, 5, 6, 7, 8, 9, 10, 11, 12, 13, 14, 15, 16, 17, 18, 19, 20, 21, 22, 23, 25, 26, 27, 28, 30, 31, 32, 33, 34, 35, 36, 37, 38, 39, 40, 41, 42, 43, 44, 45, 46, 47, 48, 50, 51, 52, 53, 54, 55, 56, 57, 58, 59, 60, 61, 62, 63, 64, 65, 66, 68, 69, 70, 71, 72, 73, 74, 75, 76, 77, 78, 79, 80, 81, 82, 83, 84, 85, 86, 87, 88, 89, 90, 91, 92, 93, 94, 95
30, 31, 47, 52, 82
0, 1, 2, 3, 4, 5, 6, 7, 8, 9, 10, 11, 12, 13, 14, 15, 16, 17, 18, 19, 20, 22, 23, 24, 25, 26, 28, 29, 30, 31, 32, 33, 34, 35, 37, 38, 39, 40, 41, 42, 43, 44, 45, 46, 47, 48, 49, 50, 51, 52, 53, 54, 55, 56, 57, 58, 59, 60, 61, 62, 63, 64, 65, 66, 67, 68, 69, 70, 71, 72, 73, 74, 75, 76, 77, 78, 79, 80, 81, 82, 83, 84, 85, 86, 88, 89, 90, 91, 92, 94, 95
0, 1, 5, 6, 8, 9, 11, 13, 15, 17, 19, 20, 21, 22, 23, 24, 27, 28, 30, 32, 34, 35, 37, 44, 46, 47, 48, 54, 57, 58, 59, 60, 62, 67, 68, 74, 75, 79, 80, 83, 84, 87, 89, 92, 93, 94, 95
0, 1, 5, 6, 8, 12, 14, 15, 16, 17, 18, 20, 21, 22, 24, 29, 31, 43, 44, 49, 50, 55, 57, 60, 63, 66, 67, 68, 73, 74, 76, 80, 83, 84, 85, 89, 92, 93, 94
0, 2, 3, 4, 7, 8, 9, 10, 12, 13, 14, 15, 17, 18, 20, 21, 22, 23, 24, 25, 26, 27, 28, 29, 30, 31, 32, 33, 34, 35, 36, 37, 38, 39, 40, 41, 42, 43, 45, 47, 48, 50, 52, 54, 55, 56, 57, 58, 59, 60, 61, 62, 63, 64, 65, 66, 67, 68, 69, 70, 71, 72, 73, 74, 75, 76, 77, 78, 79, 80, 81, 82, 83, 84, 87, 88, 89, 90, 91, 92, 93, 94, 95
14, 38, 58, 77
33, 43, 55, 78
49, 56, 64, 71, 91
0, 6, 7, 10, 16, 17, 32, 34, 35, 41, 42, 45, 48, 49, 52, 68, 70, 72, 88, 91, 93
0, 2, 4, 12, 15, 26, 27, 30, 33, 35, 37, 44, 52, 53, 54, 57, 64, 66, 67, 71, 72, 74, 75, 80, 81, 85, 87, 89, 94
0, 11, 21, 22, 56, 93
0, 16, 20, 34, 55, 67, 71, 72, 78, 85
0, 7, 23, 31, 33, 40, 45, 46, 48, 57, 61, 62, 66, 89, 94
0, 2, 6, 7, 11, 15, 16, 22, 26, 27, 31, 32, 34, 45, 64, 88, 90, 92
0, 3, 4, 6, 8, 9, 10, 12, 16, 24, 26, 27, 28, 32, 33, 34, 38, 40, 41, 43, 44, 47, 48, 49, 50, 52, 53, 54, 59, 62, 64, 67, 69, 71, 72, 74, 76, 80, 82, 83, 85, 87, 89, 91, 92, 93, 95
14, 32, 66, 75, 80
0, 2, 12, 15, 68
30, 78, 87, 93
0, 8, 18, 33, 77, 85
0, 3, 9, 12, 13, 14, 21, 26, 28, 32, 62, 64, 76, 85, 90, 91, 93, 95
33, 40, 75, 87, 89
0, 14, 18, 21, 45, 68, 72, 76, 89
0, 1, 3, 5, 6, 8, 9, 11, 14, 15, 16, 17, 19, 20, 22, 23, 24, 25, 26, 27, 28, 29, 30, 31, 35, 38, 39, 41, 42, 44, 45, 46, 48, 49, 50, 52, 53, 54, 56, 57, 58, 59, 60, 61, 62, 63, 64, 65, 66, 67, 68, 69, 71, 73, 74, 75, 76, 77, 78, 79, 80, 81, 82, 83, 84, 85, 87, 89, 90, 91, 93, 94, 95
0, 3, 42, 46, 51, 68, 72, 79
0, 71, 91, 95
0, 1, 2, 3, 4, 5, 6, 7, 8, 9, 11, 12, 13, 14, 15, 16, 18, 19, 20, 21, 22, 24, 25, 27, 29, 32, 34, 36, 37, 38, 39, 40, 42, 43, 45, 47, 48, 49, 50, 53, 54, 55, 57, 58, 59, 60, 61, 62, 63, 64, 65, 66, 67, 68, 69, 70, 72, 73, 74, 75, 76, 77, 78, 79, 80, 81, 82, 83, 84, 85, 86, 87, 88, 89, 90, 91, 92, 93, 94, 95
0, 1, 22, 44
0, 2, 4, 6, 9, 11, 12, 14, 17, 20, 21, 22, 25, 27, 30, 36, 37, 40, 42, 43, 45, 48, 52, 54, 56, 57, 60, 61, 64, 66, 67, 68, 70, 71, 73, 77, 78, 79, 82, 83, 86, 87, 88, 91, 92, 93, 94, 95
0, 40, 54, 57, 93
14, 29, 36, 46, 80
14, 16, 18, 20, 30, 36, 37, 40, 41, 45, 60, 63, 84
0, 1, 2, 3, 4, 5, 7, 8, 9, 10, 11, 12, 14, 15, 16, 17, 19, 20, 21, 22, 23, 24, 25, 26, 27, 28, 29, 35, 36, 37, 38, 40, 41, 42, 43, 44, 45, 46, 48, 49, 50, 52, 53, 54, 56, 57, 59, 60, 61, 62, 63, 64, 65, 66, 67, 68, 69, 70, 71, 72, 73, 74, 75, 76, 77, 78, 79, 80, 81, 82, 83, 84, 87, 88, 89, 91, 92, 93, 94, 95
0, 2, 3, 6, 8, 10, 12, 13, 15, 16, 18, 19, 20, 21, 24, 26, 27, 29, 33, 36, 37, 38, 39, 41, 42, 43, 46, 48, 49, 52, 53, 54, 56, 57, 59, 60, 64, 65, 68, 69, 70, 71, 72, 74, 75, 76, 78, 79, 81, 82, 85, 86, 87, 88, 90, 91, 92, 94, 95
14, 15, 20, 38, 76, 83
14, 17, 49, 85, 87, 89
0, 17, 27, 33, 35, 38, 41, 43, 46
0, 47, 74, 85, 86
0, 1, 2, 4, 6, 7, 13, 14, 15, 17, 18, 19, 29, 30, 32, 33, 34, 35, 40, 43, 48, 54, 56, 57, 59, 61, 66, 68, 69, 71, 74, 75, 78, 81, 86, 87, 90, 91, 95
14, 26, 28, 35, 55, 64, 77, 91
14, 45, 75, 78
14, 27, 38, 47, 74, 76, 80, 93
0, 4, 5, 6, 7, 8, 9, 10, 11, 12, 13, 14, 21, 23, 24, 26, 27, 28, 29, 30, 31, 34, 35, 36, 39, 40, 41, 42, 44, 45, 47, 48, 50, 52, 54, 57, 58, 59, 61, 64, 65, 67, 68, 70, 72, 74, 75, 78, 79, 80, 81, 82, 83, 84, 86, 87, 88, 89, 90, 91, 92, 94, 95
14, 27, 31, 78
0, 2, 3, 17, 37, 52, 53, 57, 88
0, 4, 7, 10, 12, 14, 15, 16, 18, 19, 22, 24, 26, 31, 32, 33, 34, 35, 36, 38, 39, 40, 41, 42, 43, 44, 46, 47, 48, 49, 52, 54, 55, 58, 59, 60, 63, 64, 66, 68, 70, 72, 73, 74, 76, 77, 78, 79, 80, 81, 82, 87, 91, 92, 94
31, 44, 59, 94
0, 50, 55, 72
0, 2, 64, 92
0, 1, 3, 7, 8, 9, 11, 13, 17, 18, 19, 20, 25, 27, 30, 35, 37, 39, 40, 41, 42, 43, 50, 53, 54, 55, 57, 58, 62, 63, 64, 70, 71, 75, 81, 82, 84, 86, 90, 95
14, 35, 38, 43, 56, 78
0, 5, 7, 9, 10, 11, 16, 19, 20, 21, 22, 26, 30, 37, 41, 42, 43, 44, 45, 46, 48, 49, 50, 53, 56, 57, 62, 68, 69, 74, 76, 88, 90, 93
49, 56, 60, 75
0, 21, 28, 35, 38, 39, 44, 46, 60, 62, 79, 88
0, 1, 14, 17, 37, 39, 43, 46, 49, 62, 69, 74, 76, 78, 83, 87, 90
0, 6, 9, 55, 72, 82
14, 54, 72, 90
0, 1, 12, 53, 68, 69, 87
0, 2, 4, 6, 9, 11, 12, 14, 17, 20, 21, 22, 25, 27, 30, 36, 37, 40, 42, 43, 45, 48, 52, 54, 56, 57, 60, 61, 64, 66, 67, 68, 70, 71, 73, 77, 78, 79, 82, 83, 86, 87, 91, 92, 93, 94, 95
0, 20, 22, 59, 89
0, 17, 34, 41, 45, 46, 53, 55, 66, 68, 86, 91, 93
14, 22, 38, 46
0, 4, 17, 34, 42, 45, 55, 59, 69
0, 7, 36, 37, 49
0, 35, 42, 44
0, 3, 7, 8, 11, 12, 16, 17, 18, 19, 21, 25, 27, 29, 32, 34, 37, 42, 44, 45, 46, 47, 53, 55, 56, 60, 63, 64, 69, 70, 72, 75, 76, 77, 80, 81, 86, 87, 88, 90, 91, 92
0, 1, 2, 3, 4, 5, 7, 9, 10, 11, 12, 14, 15, 16, 17, 19, 20, 21, 24, 25, 28, 29, 31, 34, 36, 39, 40, 42, 43, 46, 48, 49, 52, 54, 55, 56, 58, 59, 61, 62, 64, 66, 67, 69, 70, 72, 73, 79, 80, 81, 85, 86, 88, 89, 90, 93, 95
0, 1, 2, 3, 5, 8, 9, 13, 14, 15, 19, 20, 24, 25, 27, 28, 29, 30, 34, 35, 39, 40, 41, 42, 43, 44, 47, 48, 49, 50, 52, 53, 55, 58, 61, 65, 67, 68, 70, 72, 74, 78, 79, 81, 82, 84, 85, 86, 88, 89, 90, 95
0, 18, 43, 62
0, 11, 12, 18, 42
14, 39, 71, 75
0, 6, 27, 53, 55, 68, 81, 83
14, 18, 90, 93
14, 66, 68, 70, 76, 79, 91
20, 23, 25, 71, 77, 84, 92
0, 7, 16, 65, 76, 82
0, 1, 3, 4, 6, 10, 11, 13, 19, 21, 24, 25, 28, 29, 31, 34, 35, 36, 37, 38, 39, 41, 42, 43, 44, 48, 49, 50, 53, 55, 56, 57, 64, 65, 66, 67, 68, 69, 71, 72, 73, 75, 76, 78, 79, 80, 81, 83, 85, 87, 88, 89, 90, 92, 93, 94
0, 17, 24, 49
0, 3, 4, 7, 9, 10, 14, 18, 32, 34, 39, 42, 46, 56, 59, 63, 70, 71, 73, 76, 78, 82
0, 6, 20, 21, 25, 26, 37, 40, 43, 52, 54, 58, 62, 68, 69, 72, 73, 76, 85, 87, 88, 89, 92, 93, 94
31, 50, 65, 78
0, 39, 65, 92
0, 3, 4, 5, 6, 7, 8, 9, 10, 12, 13, 14, 15, 16, 17, 18, 19, 21, 22, 23, 24, 25, 26, 27, 28, 29, 30, 31, 32, 33, 35, 36, 37, 38, 39, 40, 41, 42, 43, 44, 45, 47, 48, 49, 50, 52, 54, 55, 56, 57, 58, 59, 60, 61, 62, 63, 64, 65, 66, 67, 68, 69, 70, 71, 72, 73, 74, 75, 76, 77, 78, 80, 81, 82, 83, 84, 86, 87, 88, 89, 90, 91, 92, 93, 94, 95
0, 1, 2, 3, 4, 5, 6, 7, 8, 11, 12, 13, 14, 15, 16, 18, 19, 20, 21, 22, 24, 25, 27, 29, 32, 34, 36, 37, 38, 39, 40, 42, 43, 45, 47, 48, 49, 50, 53, 54, 55, 57, 58, 59, 60, 61, 62, 63, 64, 65, 66, 67, 68, 69, 70, 72, 73, 74, 75, 76, 77, 78, 79, 80, 81, 82, 83, 84, 85, 86, 87, 88, 89, 90, 91, 92, 93, 94, 95
0, 3, 10, 11, 25, 35, 39, 48, 94
0, 31, 56, 68
14, 22, 29, 58, 93
0, 12, 19, 23, 28, 30, 36, 40, 41, 44, 47, 49, 55, 59, 63, 73, 76, 82, 88
0, 8, 11, 46, 54, 60, 61, 69, 71, 72
31, 61, 64, 68, 74
0, 4, 15, 35, 58, 66, 69, 84
0, 2, 21, 26, 31, 35, 49, 59, 70, 90, 94
0, 5, 9, 15, 19, 20, 25, 29, 36, 38, 39, 41, 45, 52, 57, 60, 65, 78, 84, 87
0, 5, 7, 9, 11, 13, 19, 20, 25, 31, 33, 39, 40, 44, 45, 46, 50, 53, 65, 67, 74, 75, 77, 80, 82, 90
0, 1, 2, 3, 4, 5, 6, 7, 8, 10, 11, 12, 13, 14, 15, 16, 17, 18, 19, 20, 21, 22, 23, 24, 25, 26, 27, 28, 29, 31, 32, 33, 35, 36, 37, 38, 39, 40, 41, 42, 43, 44, 45, 46, 47, 48, 49, 50, 52, 53, 54, 55, 56, 57, 58, 59, 60, 61, 62, 63, 64, 65, 66, 67, 68, 69, 70, 71, 72, 73, 74, 75, 76, 77, 78, 79, 80, 81, 82, 83, 84, 85, 86, 87, 88, 89, 91, 92, 93, 94, 95
14, 28, 29, 74
0, 16, 23, 38, 60
0, 35, 56, 81
2, 8, 54, 64
0, 9, 25, 26, 28, 32, 91
31, 45, 56, 74, 77, 89
0, 12, 28, 37, 62, 71, 74, 91, 93
0, 21, 54, 70, 85
0, 7, 9, 14, 18, 22, 24, 33, 40, 57, 64, 66, 70, 72, 77, 81, 88, 89, 93
0, 5, 28, 64, 66, 72
0, 1, 5, 7, 9, 10, 11, 12, 14, 21, 23, 25, 26, 27, 28, 29, 33, 34, 36, 37, 38, 39, 40, 41, 42, 44, 45, 46, 47, 48, 49, 50, 52, 53, 55, 57, 59, 60, 62, 63, 64, 65, 66, 67, 68, 71, 72, 74, 75, 76, 77, 78, 79, 80, 81, 84, 85, 88, 89, 91, 93, 94
0, 4, 5, 8, 9, 10, 11, 14, 32, 33, 41, 48, 55, 58, 65, 67, 74, 75, 77, 79, 80, 89
39, 76, 89, 92
25, 31, 55, 82, 91
31, 45, 56, 74, 77, 89
0, 15, 33, 52, 86, 88, 89
14, 62, 63, 84
0, 17, 32, 57, 59, 69, 75, 77
0, 18, 41, 63
0, 26, 31, 47, 79, 92
0, 12, 23, 26, 41, 52, 53, 71
14, 42, 48, 52
14, 33, 71, 82
0, 1, 2, 3, 4, 6, 7, 8, 11, 12, 13, 14, 17, 18, 19, 20, 21, 22, 23, 24, 25, 26, 27, 28, 31, 33, 34, 35, 36, 37, 38, 41, 43, 44, 45, 46, 47, 48, 49, 50, 52, 53, 54, 55, 56, 57, 58, 59, 60, 61, 62, 63, 64, 65, 66, 67, 68, 69, 70, 71, 72, 73, 75, 76, 77, 78, 80, 81, 82, 83, 85, 88, 91, 92, 93, 94, 95
0, 12, 17, 32, 59, 71, 74
0, 11, 13, 20, 26, 29, 34, 37, 49, 50, 64
0, 6, 30, 32, 80
0, 28, 35, 77
0, 1, 20, 23, 25, 57
31, 33, 54, 60, 89
0, 5, 6, 27, 63, 66, 71, 74, 77
0, 24, 30, 44, 60, 62
0, 7, 9, 17, 22, 29, 30, 44, 49, 74, 77, 78, 80, 88
0, 22, 40, 55
0, 9, 27, 86
31, 32, 42, 59, 64, 74
0, 2, 33, 40, 41, 46, 56, 63, 70, 89
0, 9, 14, 19, 20, 24, 25, 36, 60, 70, 72, 74
14, 20, 43, 56
0, 32, 42, 47, 52, 57
0, 5, 33, 36, 38, 42, 47, 48, 58, 60, 65, 82, 86
14, 27, 46, 74, 90
0, 13, 23, 39, 70, 88
14, 31, 40, 52, 57, 67, 81
0, 8, 24, 33, 35, 48, 57, 81
0, 44, 50, 53, 55, 63, 86
0, 6, 7, 9, 16, 17, 23, 26, 28, 36, 54, 60, 62, 64, 66, 70, 73, 75, 76, 79, 87, 89
14, 57, 67, 69
0, 6, 8, 20, 24, 36, 59, 67, 72, 74, 76, 86, 90, 92, 93
0, 29, 60, 69
0, 8, 12, 26
14, 20, 28, 34, 41, 44, 49, 76
14, 18, 65, 80
0, 17, 18, 21, 59, 77, 87, 94
0, 19, 37, 39, 69, 77, 90
0, 10, 19, 40, 70, 71, 88
31, 46, 79, 92
14, 16, 31, 32, 43, 65, 84
14, 20, 58, 62
0, 22, 24, 53
0, 1, 5, 6, 8, 9, 11, 12, 15, 17, 19, 20, 21, 23, 24, 27, 28, 30, 32, 34, 35, 37, 46, 47, 48, 49, 54, 57, 58, 59, 60, 62, 67, 68, 74, 79, 80, 83, 89, 92, 94
0, 6, 8, 10, 12, 15, 16, 17, 47, 56, 65, 69, 73, 86, 87, 90
0, 53, 57, 64
0, 2, 56, 58
0, 2, 26, 74
31, 74, 82, 84
0, 3, 5, 6, 17, 18, 21, 23, 25, 33, 38, 45, 47, 53, 58, 61, 62, 65, 67, 74, 76, 79, 81, 85, 88, 90, 92, 94, 95
0, 1, 2, 4, 8, 10, 12, 13, 14, 16, 20, 29, 30, 33, 36, 39, 40, 41, 45, 46, 48, 50, 54, 60, 61, 71, 74, 83, 84, 91, 94
14, 29, 43, 47, 67
0, 1, 5, 6, 12, 14, 15, 16, 17, 18, 20, 21, 22, 24, 29, 43, 44, 49, 50, 55, 57, 63, 66, 67, 68, 73, 74, 76, 80, 83, 84, 85, 89, 92, 93, 94
0, 16, 29, 68
0, 1, 5, 8, 15, 18, 23, 29, 44, 47, 48, 53, 67, 75, 79, 80, 89, 90, 91, 92, 93
14, 36, 38, 77
0, 25, 52, 63, 95
0, 3, 5, 7, 12, 13, 14, 15, 16, 17, 18, 20, 22, 23, 25, 29, 30, 33, 34, 36, 40, 42, 43, 44, 47, 50, 54, 55, 56, 57, 61, 62, 64, 65, 66, 67, 68, 71, 73, 75, 77, 82, 83, 91, 92
0, 3, 6, 7, 11, 12, 16, 18, 21, 22, 23, 25, 28, 30, 35, 38, 39, 40, 45, 47, 52, 55, 56, 60, 61, 63, 65, 67, 68, 69, 73, 78, 80, 82, 84, 86, 87, 89, 91, 93
0, 8, 18, 33, 77, 85
0, 4, 6, 15, 16, 48, 49, 55, 57, 59, 60, 61, 70, 78, 79, 89, 90
14, 33, 55, 87, 94
0, 2, 3, 4, 5, 6, 7, 8, 9, 10, 11, 12, 13, 14, 16, 17, 18, 19, 20, 21, 22, 23, 25, 26, 28, 29, 30, 31, 32, 33, 34, 37, 39, 41, 42, 43, 44, 46, 47, 48, 49, 53, 54, 55, 56, 57, 58, 60, 62, 65, 66, 70, 71, 72, 74, 75, 76, 78, 79, 81, 82, 83, 85, 86, 87, 88, 89, 90, 92, 94, 95
14, 43, 49, 50, 81
0, 12, 32, 53
14, 43, 70, 94
0, 1, 3, 10, 16, 26, 48, 57, 60, 82
0, 31, 61, 72
0, 2, 3, 25
14, 16, 21, 29, 33, 44, 53, 55, 69, 79, 80
0, 21, 55, 67, 85, 86, 92
0, 40, 42, 77, 80
0, 17, 55, 59, 77
31, 36, 80, 85
0, 1, 2, 11, 13, 16, 18, 19, 21, 22, 23, 25, 26, 30, 32, 34, 35, 36, 42, 43, 48, 53, 59, 61, 63, 68, 69, 71, 72, 79, 82, 83, 85, 86, 87, 92, 93, 94
0, 15, 16, 52
0, 3, 11, 15, 25, 33, 34, 40, 48, 50, 54, 60, 61, 65, 67, 68, 72, 73, 75, 78, 84, 86, 87, 88, 89, 92, 93, 94
0, 3, 6, 14, 16, 18, 20, 21, 22, 24, 32, 36, 37, 40, 41, 45, 49, 55, 61, 63, 67, 73, 76, 79, 83, 85, 89, 95
0, 33, 34, 44, 56, 72
0, 15, 31, 85
0, 6, 16, 20, 21, 22, 28, 29, 31, 37, 49, 51, 53, 58, 62, 63, 64, 72, 75, 77, 78, 79, 81, 84, 86, 87, 95
0, 25, 44, 86
0, 36, 41, 48, 60, 62, 77, 79, 82
0, 6, 13, 14, 17, 24, 27, 33, 35, 43, 45, 47, 49, 52, 54, 56, 62, 68, 70, 73, 77, 79, 87, 88, 95
14, 43, 77, 81, 88
0, 1, 4, 6, 7, 8, 14, 18, 19, 23, 24, 25, 29, 30, 31, 33, 36, 37, 40, 41, 42, 44, 45, 46, 49, 53, 57, 59, 60, 64, 65, 66, 67, 68, 70, 78, 79, 80, 82, 83, 88, 89, 93, 94, 95
49, 55, 83, 90
0, 1, 6, 22, 27, 39, 50, 52, 53, 63, 73, 80
14, 16, 28, 41
0, 37, 68, 73, 75, 83
0, 37, 57, 63
0, 6, 32, 45, 80
0, 27, 34, 65
0, 16, 29, 68
0, 1, 4, 5, 6, 10, 11, 13, 14, 15, 16, 17, 19, 21, 22, 23, 24, 26, 27, 28, 30, 31, 32, 36, 40, 42, 43, 44, 45, 46, 47, 48, 49, 50, 53, 56, 57, 60, 61, 63, 64, 65, 66, 67, 68, 71, 73, 74, 75, 77, 78, 79, 80, 81, 82, 83, 87, 89, 90, 91, 92, 94
0, 21, 25, 27, 48, 71, 73, 77, 79, 81, 84, 89
0, 1, 5, 20, 31, 39, 47, 57, 85
0, 5, 16, 22, 48, 53, 55, 58, 62, 67, 86
0, 15, 22, 52
14, 52, 59, 65, 75, 84, 92, 95
31, 35, 49, 91
0, 2, 7, 8, 14, 15, 16, 18, 21, 25, 27, 30, 31, 32, 34, 36, 40, 41, 44, 46, 49, 50, 56, 57, 58, 65, 66, 69, 70, 72, 74, 78, 79, 82, 83, 85, 89, 91, 94
19, 32, 44, 48, 50, 54, 56, 68, 90
0, 10, 56, 58, 72, 75
0, 2, 3, 12, 16, 21, 33, 37, 38, 40, 45, 50, 60, 76, 78, 80, 85, 88, 89
0, 17, 44, 45, 74, 87, 90, 92
31, 35, 40, 43, 48, 75, 78, 86
0, 13, 15, 43, 53, 59, 84
0, 6, 72, 82
0, 1, 22, 31, 56, 58, 69, 89, 94
0, 1, 5, 8, 9, 12, 13, 14, 16, 17, 18, 19, 21, 22, 23, 24, 25, 27, 28, 31, 34, 35, 39, 42, 45, 46, 47, 49, 51, 52, 53, 54, 56, 57, 58, 60, 62, 66, 67, 68, 69, 70, 72, 78, 79, 81, 82, 83, 86, 88, 89, 90, 92, 94, 95
0, 4, 6, 25, 57, 63, 76
0, 12, 21, 31, 40, 48, 91
0, 1, 2, 3, 4, 6, 7, 8, 10, 11, 14, 15, 16, 23, 24, 26, 28, 29, 30, 32, 34, 37, 40, 44, 49, 53, 56, 61, 63, 74, 76, 77, 80, 82, 85, 87, 88, 89, 92, 94
0, 7, 26, 30, 55, 73, 86, 92
0, 8, 18, 33, 77, 85
0, 17, 27, 33, 38, 41, 43, 46, 48
0, 12, 21, 31, 40, 48, 51, 91
0, 6, 17, 40, 85
0, 35, 61, 94
0, 3, 4, 31, 52, 64
0, 4, 10, 12, 13, 14, 21, 32, 37, 38, 39, 40, 48, 64, 78, 87, 92, 94
14, 15, 24, 36
0, 3, 5, 14, 23, 38, 48, 76, 85, 90
0, 4, 16, 37
0, 3, 5, 15, 21, 27, 29, 35, 37, 43, 44, 49, 52, 77, 89
14, 32, 50, 55, 83, 92
14, 39, 82, 86
0, 18, 42, 56, 60, 66
14, 34, 54, 88
0, 2, 3, 4, 5, 6, 7, 8, 9, 10, 11, 12, 13, 14, 15, 17, 18, 19, 22, 23, 24, 25, 26, 27, 28, 29, 30, 32, 33, 34, 35, 36, 37, 38, 39, 40, 43, 44, 46, 47, 48, 50, 53, 56, 57, 58, 59, 60, 61, 62, 63, 64, 65, 67, 68, 69, 70, 72, 73, 74, 75, 76, 77, 78, 80, 81, 82, 85, 86, 88, 89, 90, 91, 92, 93, 95
0, 4, 8, 13, 18, 21, 27, 37, 43, 48, 50, 52, 53, 54, 58, 78, 88, 89, 95
69, 70, 80, 85
14, 19, 57, 70, 91
0, 3, 7, 14, 67
14, 30, 37, 94
0, 2, 3, 5, 8, 11, 12, 14, 15, 16, 17, 18, 19, 22, 25, 28, 29, 30, 31, 33, 40, 42, 44, 47, 53, 56, 57, 58, 59, 61, 63, 64, 66, 67, 68, 69, 75, 76, 77, 81, 83, 84, 85, 86, 88, 89, 93
14, 26, 29, 52, 69, 73, 95
14, 33, 83, 90
0, 44, 53, 70
14, 23, 64, 83
0, 6, 8, 19, 35, 38, 40, 44, 46, 54, 63, 80, 83, 85, 87, 92, 95
0, 25, 28, 43, 44, 54, 57, 73
0, 8, 30, 66
0, 2, 3, 4, 5, 8, 9, 10, 11, 12, 13, 15, 16, 17, 18, 19, 20, 21, 22, 23, 24, 25, 26, 27, 28, 29, 30, 32, 33, 34, 35, 36, 37, 38, 39, 41, 42, 43, 44, 45, 46, 47, 49, 50, 52, 53, 54, 55, 56, 57, 58, 59, 61, 63, 64, 67, 69, 70, 72, 74, 75, 76, 77, 78, 79, 80, 81, 82, 83, 85, 86, 87, 88, 90, 91, 92, 93, 94, 95
0, 1, 2, 3, 6, 13, 16, 19, 20, 29, 34, 37, 40, 42, 44, 46, 47, 48, 50, 55, 62, 66, 68, 70, 71, 77, 79, 80, 81, 88, 93
14, 25, 30, 35, 41, 52, 61, 64, 65, 75, 86, 92, 94
14, 16, 19, 22
31, 39, 44, 57, 67, 84
31, 40, 64, 67
0, 7, 16, 19, 29, 32, 41, 45, 78, 81, 93
0, 34, 50, 79
33, 40, 70, 92
14, 15, 23, 33, 85
31, 33, 46, 77
0, 3, 4, 5, 6, 8, 9, 10, 11, 18, 20, 24, 26, 28, 30, 32, 37, 43, 49, 50, 54, 56, 57, 61, 62, 64, 75, 83, 87, 88, 91, 92, 94
14, 15, 17, 31, 41, 46, 55, 66, 71, 77
14, 43, 45, 82
14, 20, 30, 34, 42, 82
14, 16, 21, 25, 47
0, 6, 27, 53, 68, 83
0, 21, 32, 70, 72
14, 33, 57, 70
0, 13, 14, 16, 27, 40, 45, 52, 71, 76, 80, 82, 85, 89, 91
0, 3, 6, 8, 10, 11, 12, 13, 14, 15, 16, 17, 21, 24, 33, 38, 39, 43, 45, 53, 54, 55, 56, 57, 61, 62, 64, 65, 66, 68, 70, 71, 75, 82, 83, 85, 90, 91, 93
14, 38, 58, 77
0, 4, 55, 80
0, 41, 68, 77, 82, 83, 86, 93
0, 22, 44, 48, 91
31, 62, 89, 94
0, 8, 10, 13, 15, 19, 23, 25, 32, 34, 39, 42, 48, 49, 57, 58, 59, 65, 72, 80, 91, 92
0, 62, 85, 94
0, 10, 12, 16, 17, 19, 47, 55, 80, 89
14, 16, 29, 39, 45, 49, 56, 92
0, 1, 3, 10, 33, 39, 43, 44, 50, 63, 65, 68, 79
31, 43, 47, 92
49, 54, 71, 76, 90
0, 10, 60, 70
0, 6, 47, 80
0, 26, 33, 52, 60, 65, 74, 83, 89
0, 1, 2, 3, 4, 5, 6, 7, 8, 9, 10, 11, 12, 13, 14, 15, 16, 17, 18, 19, 20, 21, 22, 23, 24, 25, 26, 27, 28, 29, 30, 31, 32, 33, 34, 35, 36, 37, 38, 39, 40, 42, 43, 44, 45, 46, 47, 48, 49, 50, 51, 52, 53, 55, 56, 57, 58, 59, 60, 61, 62, 63, 64, 66, 67, 68, 70, 71, 72, 73, 74, 75, 76, 77, 78, 79, 80, 81, 82, 83, 84, 85, 86, 87, 88, 89, 90, 91, 92, 93, 94, 95
0, 14, 17, 52, 56, 58, 60, 71, 82, 85
31, 46, 79, 92
2, 38, 66, 94
0, 3, 21, 36, 46, 63, 83, 91
31, 44, 53, 54, 55, 68, 71, 83
14, 17, 39, 73
0, 13, 52, 70, 90
14, 26, 34, 35, 50, 69
0, 30, 45, 76, 79, 82, 94
0, 3, 4, 5, 6, 7, 10, 12, 13, 23, 25, 26, 28, 30, 34, 35, 36, 49, 53, 54, 56, 60, 65, 68, 69, 70, 71, 75, 78, 79, 80, 83, 84, 85, 86, 87, 88, 91
14, 24, 46, 48, 73, 75
0, 8, 9, 21
31, 42, 66, 67, 86, 88
0, 1, 10, 11, 20, 23, 31, 40, 46, 48, 54, 56, 57, 59, 66, 92
0, 5, 6, 8, 22, 42, 65, 76, 84
0, 30, 63, 78
49, 54, 71, 86, 90
31, 53, 60, 88
0, 1, 13, 39, 56, 62, 69, 75, 88
0, 1, 17, 29, 32, 36, 50, 53, 58, 59, 61, 66, 72, 85, 86
0, 9, 15, 24, 25, 28, 33, 34, 39, 48, 56, 61, 86, 92
0, 1, 4, 6, 7, 8, 10, 13, 18, 19, 20, 23, 24, 25, 26, 27, 28, 35, 37, 41, 44, 48, 49, 54, 55, 56, 58, 63, 66, 67, 69, 70, 71, 75, 77, 79, 80, 81, 82, 83, 84, 85, 86, 87, 88, 93
0, 15, 32, 40, 78, 93
0, 21, 27, 28, 30
0, 11, 14, 85
0, 2, 3, 4, 5, 6, 7, 8, 9, 10, 11, 12, 13, 14, 15, 16, 17, 18, 19, 20, 21, 22, 23, 24, 25, 26, 27, 28, 29, 30, 31, 32, 33, 34, 35, 36, 37, 38, 39, 40, 42, 43, 44, 45, 46, 49, 50, 52, 53, 55, 56, 57, 58, 59, 60, 61, 62, 63, 64, 66, 67, 68, 69, 71, 72, 73, 74, 75, 77, 78, 79, 80, 81, 82, 84, 85, 86, 87, 88, 89, 90, 91, 92, 93, 94, 95
0, 32, 39, 95
0, 1, 3, 4, 5, 6, 7, 8, 9, 10, 11, 12, 13, 14, 15, 16, 17, 18, 19, 20, 21, 22, 23, 24, 25, 26, 27, 28, 29, 30, 31, 33, 34, 35, 36, 37, 38, 39, 40, 41, 42, 43, 44, 45, 46, 47, 48, 49, 50, 52, 53, 54, 55, 56, 57, 58, 59, 60, 61, 62, 63, 64, 65, 66, 67, 68, 69, 70, 72, 73, 75, 76, 77, 78, 79, 80, 81, 82, 83, 84, 85, 86, 87, 88, 89, 90, 91, 92, 93, 94
0, 16, 29, 37, 38, 42, 43, 56, 66, 79
0, 2, 4, 6, 9, 11, 12, 14, 17, 20, 21, 22, 25, 27, 30, 36, 37, 40, 42, 43, 45, 48, 52, 54, 56, 57, 60, 61, 64, 66, 67, 68, 70, 71, 73, 77, 78, 79, 80, 82, 83, 86, 87, 91, 92, 93, 94, 95
0, 9, 31, 40, 65, 69, 84, 89, 91
0, 2, 13, 43, 45, 69, 72, 79, 80, 89, 94
14, 31, 40, 52, 57, 67, 81
14, 27, 37, 40, 41, 56, 68, 70, 89, 90, 95
0, 3, 40, 65, 73, 78
0, 63, 64, 66, 79
0, 3, 7, 11, 16, 17, 18, 19, 21, 25, 27, 32, 34, 37, 42, 44, 45, 46, 47, 53, 55, 56, 60, 63, 64, 69, 70, 72, 75, 76, 77, 80, 81, 86, 87, 88, 90, 91, 92
0, 81, 83, 86, 94
14, 66, 70, 90, 91
28, 38, 66, 68, 78
0, 33, 34, 56, 72
0, 5, 8, 16, 24, 44, 45, 84
0, 14, 18, 22, 39, 48, 68
14, 16, 31, 32, 43, 65, 84
0, 2, 6, 9, 19, 22, 23, 55, 62, 68, 83, 88, 92
0, 36, 42, 44, 45, 63, 78
14, 52, 65, 71, 95
0, 6, 8, 25, 41, 49, 67, 80, 94
0, 21, 55, 67, 85, 92
31, 53, 63, 64, 66
0, 25, 33, 64
14, 42, 59, 61, 70, 94
31, 60, 63, 72, 73
14, 17, 21, 27
0, 6, 13, 33, 34, 84
0, 53, 55, 63, 86
0, 26, 29, 34, 38, 46, 47, 82, 87, 92, 95
0, 2, 5, 15, 30, 32, 34, 39, 47, 49, 53, 55, 57, 59, 60, 62, 65, 68, 70, 73, 82, 90, 91, 92, 94
31, 32, 42, 59, 64
14, 40, 61, 92
0, 11, 44, 61, 69
14, 15, 30, 40, 43, 48, 49, 54, 63, 83
0, 15, 22, 52
0, 22, 48, 56, 57
0, 1, 2, 3, 4, 6, 8, 12, 15, 16, 17, 19, 21, 22, 23, 24, 25, 27, 30, 31, 32, 33, 35, 37, 38, 41, 42, 47, 48, 49, 50, 52, 54, 55, 56, 58, 59, 60, 61, 64, 66, 68, 70, 71, 72, 73, 75, 76, 78, 79, 83, 86, 90, 93, 95
0, 11, 42, 55, 85
0, 15, 33, 52, 86, 88, 89
31, 34, 62, 89, 92
0, 13, 18, 21, 36, 53, 73
14, 42, 48, 52
53, 74, 90, 93
0, 13, 14, 16, 27, 35, 37, 40, 45, 52, 71, 76, 77, 80, 82, 85, 89, 91
0, 16, 41, 65
31, 65, 69, 90
0, 12, 17, 32, 59, 71, 74
0, 56, 64, 70
31, 46, 47, 56, 73, 83, 90
0, 6, 7, 17, 18, 22, 24, 25, 27, 28, 30, 35, 37, 52, 56, 59, 61, 62, 66, 68, 77, 82, 85, 91
31, 44, 90, 92
14, 28, 51, 85
49, 53, 62, 82
14, 47, 55, 60
0, 3, 11, 60, 67, 70
14, 22, 65, 93
14, 44, 64, 78, 86
0, 28, 34, 43, 89
0, 1, 10, 56, 73
31, 46, 66, 71
0, 1, 2, 3, 4, 5, 6, 7, 8, 9, 10, 12, 13, 14, 15, 16, 17, 18, 19, 20, 21, 22, 23, 24, 25, 26, 27, 28, 29, 30, 31, 32, 35, 36, 37, 38, 39, 40, 42, 43, 44, 46, 47, 48, 49, 52, 53, 54, 55, 56, 57, 58, 59, 60, 61, 62, 63, 65, 66, 67, 68, 69, 70, 71, 72, 73, 75, 76, 77, 78, 79, 80, 81, 82, 84, 85, 86, 87, 88, 89, 90, 91, 92, 93, 94, 95
0, 1, 20, 57
0, 1, 2, 3, 4, 6, 7, 8, 10, 11, 14, 15, 16, 23, 24, 26, 28, 29, 30, 32, 34, 37, 40, 44, 49, 53, 56, 61, 63, 66, 74, 76, 77, 80, 82, 87, 88, 89, 92, 94
49, 66, 78, 83, 88, 89
14, 28, 48, 70
56, 57, 68, 73
0, 34, 40, 69
0, 21, 54, 70, 85
0, 3, 10, 11, 25, 35, 39, 48, 94
14, 43, 70, 94
0, 14, 21, 24, 30, 32, 40, 41, 42, 52, 54
0, 6, 16, 17, 19, 22, 23, 26, 28, 38, 45, 48, 49, 54, 55, 56, 57, 58, 59, 60, 66, 69, 72, 74, 80, 83, 84, 85, 87, 91
0, 2, 7, 14, 23, 61, 65, 79, 84, 86, 93, 95
0, 28, 34, 44, 55, 59
0, 6, 9, 11, 13, 15, 16, 19, 20, 24, 30, 36, 38, 43, 52, 54, 57, 58, 65, 69, 70, 71, 72, 77, 78, 81, 86, 87, 90, 91, 94
0, 40, 70, 82
0, 6, 8, 20, 24, 36, 59, 67, 72, 74, 76, 86, 90, 92, 93
0, 30, 31, 64
14, 20, 41, 44, 45, 50, 52, 57, 60, 73, 80, 82, 87, 91
0, 20, 28, 54, 67
0, 3, 21, 22, 48, 55, 71, 87, 93, 95
0, 4, 6, 25, 57, 63, 76
0, 4, 5, 9, 24, 62, 67, 77
0, 22, 33, 39
0, 25, 28, 43, 44, 54, 57, 73
0, 2, 7, 12, 17, 37, 42, 48, 60, 68, 93
14, 41, 59, 63
14, 20, 28, 34, 41, 44, 76
0, 2, 10, 14, 52, 54
0, 4, 19, 44
0, 1, 2, 3, 4, 5, 8, 9, 10, 11, 12, 13, 15, 18, 19, 20, 21, 22, 23, 26, 27, 28, 29, 30, 31, 32, 33, 34, 35, 37, 38, 39, 40, 41, 42, 43, 44, 46, 49, 51, 52, 53, 54, 55, 56, 57, 59, 60, 62, 64, 66, 67, 68, 69, 70, 71, 72, 73, 74, 75, 76, 77, 78, 79, 80, 82, 83, 84, 85, 86, 88, 89, 90, 91, 92, 93, 94, 95
0, 27, 34, 38, 44, 66, 70, 76
0, 1, 2, 3, 4, 5, 6, 7, 8, 9, 10, 11, 12, 13, 14, 15, 16, 17, 18, 19, 21, 22, 23, 24, 25, 27, 28, 29, 30, 31, 32, 33, 34, 35, 36, 37, 38, 39, 40, 41, 42, 43, 45, 46, 47, 48, 49, 50, 51, 52, 53, 54, 55, 56, 57, 58, 59, 60, 61, 62, 63, 64, 65, 66, 67, 68, 69, 70, 71, 72, 73, 74, 75, 76, 77, 78, 79, 80, 81, 82, 83, 84, 85, 86, 88, 89, 90, 91, 92, 93, 94, 95
0, 3, 18, 41, 42
0, 40, 63, 81
0, 11, 26, 50, 78
0, 8, 12, 17, 25, 33, 34, 35, 41, 44, 47, 48, 50, 56, 62, 66, 69, 70, 72, 76, 78, 84
70, 74, 92, 95
0, 8, 53, 60, 64, 84
0, 15, 21, 22, 28, 32, 33, 69
0, 19, 20, 70
0, 11, 20, 58, 74, 80
31, 43, 56, 88
0, 1, 2, 4, 5, 6, 7, 8, 9, 12, 14, 15, 16, 17, 18, 19, 20, 21, 22, 23, 24, 25, 26, 29, 30, 32, 33, 34, 35, 36, 37, 39, 40, 42, 43, 45, 46, 47, 48, 49, 50, 51, 52, 54, 55, 57, 58, 59, 60, 61, 63, 64, 65, 66, 67, 69, 70, 71, 72, 73, 74, 75, 76, 77, 78, 79, 80, 81, 82, 83, 84, 85, 86, 87, 88, 89, 91, 93, 94, 95
0, 1, 5, 6, 7, 8, 9, 16, 21, 22, 24, 31, 35, 36, 37, 38, 39, 40, 42, 47, 48, 49, 58, 61, 62, 63, 64, 71, 72, 74, 77, 81, 86, 95
0, 31, 72, 76
25, 26, 36, 68, 72, 73
31, 35, 54, 63, 89
0, 2, 34, 55, 60, 62, 90, 91, 94
14, 16, 29, 45, 56, 92
0, 5, 18, 25, 28, 47, 60, 64, 87, 94
31, 48, 64, 65, 95
0, 1, 2, 3, 4, 5, 6, 7, 8, 9, 10, 11, 12, 13, 14, 15, 16, 17, 18, 19, 20, 21, 22, 23, 25, 26, 27, 28, 29, 30, 31, 32, 34, 35, 36, 37, 38, 39, 41, 42, 43, 44, 45, 46, 47, 48, 49, 50, 51, 52, 53, 54, 55, 56, 57, 58, 59, 60, 61, 62, 63, 64, 65, 66, 67, 68, 69, 70, 71, 72, 73, 74, 75, 76, 77, 78, 79, 80, 81, 82, 83, 84, 85, 87, 88, 89, 90, 91, 92, 93, 94, 95
0, 38, 48, 58, 60, 65, 82, 86
0, 3, 4, 8, 15, 18, 19, 44, 48, 53, 65, 68, 80, 83, 86, 87, 90, 93
0, 2, 5, 7, 8, 9, 14, 17, 19, 20, 21, 24, 25, 26, 30, 31, 33, 44, 47, 52, 54, 55, 56, 65, 68, 72, 78, 80, 89, 90, 91, 92, 93, 95
14, 22, 23, 93
14, 15, 19, 21, 22, 37, 38, 41, 44, 48, 51, 54, 56, 57, 61, 62, 66, 70, 76
0, 9, 31, 44, 91
0, 27, 75, 90
0, 42, 47, 86
0, 7, 9, 11, 12, 13, 14, 16, 17, 18, 21, 23, 26, 27, 30, 31, 33, 40, 41, 43, 44, 45, 46, 48, 51, 54, 66, 69, 77, 78, 84, 87, 93, 95
0, 1, 2, 3, 4, 5, 6, 7, 9, 10, 11, 12, 13, 14, 15, 16, 18, 19, 21, 22, 23, 24, 26, 30, 32, 33, 34, 35, 36, 40, 43, 46, 47, 49, 53, 54, 55, 56, 57, 59, 60, 61, 62, 63, 64, 66, 67, 68, 69, 70, 71, 72, 73, 74, 75, 76, 77, 78, 80, 82, 84, 87, 88, 89, 92, 93, 94, 95
14, 15, 22, 28, 66, 78, 89, 94
0, 12, 19, 23, 30, 36, 40, 41, 44, 47, 49, 55, 59, 63, 73, 76, 82, 88
0, 6, 8, 9, 15, 17, 21, 25, 28, 30, 31, 37, 44, 46, 47, 57, 59, 64, 65, 66, 68, 71, 77, 83, 85, 89, 94
0, 3, 42, 68, 72, 79
0, 1, 2, 4, 6, 7, 8, 10, 11, 14, 16, 17, 18, 19, 20, 21, 22, 23, 24, 25, 26, 27, 28, 29, 30, 31, 32, 33, 36, 37, 38, 39, 40, 41, 42, 43, 44, 45, 47, 48, 49, 52, 54, 56, 58, 59, 60, 61, 62, 63, 64, 67, 69, 70, 71, 72, 73, 75, 76, 78, 79, 80, 81, 84, 86, 87, 88, 89, 90, 91, 92, 93, 94, 95
14, 38, 42, 92
0, 7, 58, 89
0, 2, 16, 19
0, 5, 6, 17, 18, 23, 25, 38, 45, 47, 58, 61, 65, 67, 76, 79, 85, 88, 92, 94, 95
0, 2, 3, 4, 5, 6, 7, 8, 9, 10, 11, 12, 13, 14, 15, 16, 17, 18, 20, 21, 22, 23, 24, 25, 26, 27, 28, 29, 30, 31, 32, 33, 35, 36, 37, 38, 39, 40, 41, 42, 43, 44, 45, 46, 47, 48, 49, 51, 52, 53, 55, 57, 58, 59, 60, 61, 62, 63, 64, 65, 66, 67, 68, 69, 70, 71, 72, 73, 74, 75, 76, 77, 78, 79, 80, 81, 82, 84, 85, 86, 87, 88, 89, 90, 91, 92, 93, 94, 95
0, 1, 4, 5, 6, 7, 8, 9, 10, 11, 12, 13, 14, 15, 16, 17, 18, 19, 20, 21, 22, 23, 24, 25, 26, 27, 28, 29, 30, 31, 32, 34, 35, 36, 37, 38, 39, 40, 41, 42, 43, 44, 45, 46, 47, 48, 49, 51, 52, 53, 54, 55, 56, 57, 58, 59, 60, 61, 62, 63, 64, 65, 66, 67, 68, 69, 70, 71, 73, 74, 75, 76, 77, 78, 79, 80, 81, 82, 83, 84, 87, 88, 89, 90, 91, 92, 93, 94, 95
0, 3, 4, 5, 6, 7, 11, 12, 13, 14, 15, 16, 18, 19, 21, 22, 23, 24, 26, 27, 28, 29, 30, 32, 34, 35, 36, 38, 40, 41, 42, 43, 45, 46, 47, 49, 50, 51, 52, 53, 54, 55, 57, 59, 60, 62, 63, 64, 65, 66, 67, 68, 69, 70, 71, 72, 73, 74, 75, 76, 77, 78, 79, 80, 81, 83, 84, 86, 87, 88, 90, 91, 92, 93, 95
14, 22, 50, 63, 67, 79
14, 30, 34, 57, 82
0, 1, 2, 7, 8, 9, 11, 18, 22, 29, 30, 34, 38, 39, 43, 44, 56, 58, 59, 60, 83, 90, 95
0, 1, 2, 3, 4, 5, 6, 7, 8, 9, 10, 11, 12, 13, 14, 15, 16, 17, 18, 20, 21, 22, 23, 24, 26, 27, 28, 29, 30, 32, 33, 35, 36, 37, 38, 39, 40, 41, 42, 43, 44, 45, 46, 47, 48, 49, 50, 51, 52, 53, 54, 55, 56, 57, 58, 59, 60, 61, 62, 63, 64, 65, 66, 67, 68, 69, 70, 71, 72, 73, 74, 75, 76, 77, 78, 79, 80, 81, 82, 83, 84, 85, 86, 87, 88, 89, 90, 91, 92, 93, 94, 95
14, 45, 75, 78
0, 15, 25, 28, 41, 54, 60, 64, 65, 89
0, 4, 7, 8, 9, 10, 11, 13, 18, 19, 20, 23, 25, 26, 27, 35, 36, 41, 44, 48, 54, 55, 56, 58, 67, 69, 70, 71, 75, 77, 79, 81, 82, 84, 85, 86, 87, 88, 91, 93
0, 3, 4, 5, 7, 10, 14, 16, 29, 31, 33, 35, 40, 47, 52, 55, 57, 60, 61, 63, 64, 78, 79, 88
14, 34, 46, 52, 57, 68, 87, 92
0, 1, 2, 4, 7, 15, 16, 17, 18, 20, 21, 23, 26, 30, 32, 35, 36, 37, 38, 39, 40, 41, 44, 45, 47, 51, 53, 54, 55, 56, 58, 59, 62, 63, 64, 65, 66, 67, 69, 73, 74, 76, 78, 79, 80, 81, 82, 83, 86, 87, 88, 93, 94, 95
0, 1, 2, 3, 4, 5, 6, 7, 8, 10, 11, 12, 13, 14, 15, 16, 17, 18, 19, 20, 22, 23, 24, 25, 26, 27, 29, 31, 32, 33, 34, 35, 36, 38, 39, 41, 42, 43, 44, 45, 46, 48, 49, 50, 52, 53, 54, 55, 56, 57, 58, 59, 60, 61, 62, 63, 64, 65, 66, 67, 68, 72, 73, 74, 75, 76, 77, 78, 79, 80, 81, 82, 85, 86, 87, 89, 92, 93, 94, 95
0, 25, 58, 65
14, 32, 42, 57, 72, 75
50, 52, 53, 90
2, 19, 25, 38, 58
0, 7, 12, 48, 60, 93
0, 18, 31, 36, 95
0, 19, 20, 24, 60, 70, 72
14, 31, 37, 40, 46, 71, 88, 93
0, 17, 55, 59, 77
14, 41, 48, 94
0, 2, 3, 4, 5, 6, 7, 8, 9, 10, 11, 13, 14, 15, 18, 19, 20, 21, 22, 23, 24, 25, 26, 27, 28, 29, 30, 32, 33, 34, 36, 37, 38, 39, 40, 42, 44, 45, 46, 47, 48, 49, 51, 52, 53, 54, 55, 57, 58, 59, 60, 63, 64, 65, 66, 67, 68, 69, 70, 71, 72, 73, 74, 76, 78, 79, 80, 81, 82, 85, 86, 87, 89, 90, 91, 92, 93, 94, 95
0, 1, 2, 3, 4, 5, 6, 7, 8, 9, 10, 11, 12, 13, 14, 15, 16, 18, 19, 20, 21, 22, 23, 24, 25, 27, 29, 31, 32, 33, 34, 35, 36, 37, 38, 39, 40, 41, 42, 43, 44, 45, 46, 47, 48, 49, 50, 51, 52, 53, 54, 55, 56, 57, 58, 59, 60, 61, 62, 63, 64, 66, 67, 68, 69, 71, 72, 73, 74, 75, 76, 77, 78, 79, 80, 81, 82, 83, 84, 85, 86, 87, 88, 89, 90, 92, 93, 94, 95
14, 19, 57, 70, 91
0, 30, 32, 80
0, 11, 13, 23, 39, 60, 76, 92
0, 14, 18, 39, 48, 68
0, 1, 44, 50, 67
31, 37, 67, 71, 95
50, 78, 88, 90, 91, 95
53, 77, 86, 94
0, 5, 8, 18, 48, 77
0, 3, 58, 87
0, 2, 3, 4, 5, 6, 7, 8, 9, 11, 14, 15, 17, 20, 21, 23, 24, 25, 29, 33, 36, 37, 38, 39, 40, 44, 45, 47, 48, 49, 51, 52, 54, 55, 56, 57, 59, 62, 67, 69, 70, 71, 72, 74, 75, 77, 79, 80, 81, 84, 85, 86, 89, 90, 92, 93, 95
0, 1, 2, 3, 4, 5, 6, 7, 8, 9, 10, 11, 12, 13, 14, 15, 16, 17, 18, 20, 21, 22, 23, 24, 25, 26, 27, 28, 29, 30, 31, 32, 34, 35, 36, 37, 38, 39, 40, 41, 43, 44, 45, 46, 47, 48, 50, 51, 52, 53, 54, 55, 56, 57, 58, 59, 60, 61, 62, 63, 64, 65, 66, 67, 69, 70, 71, 72, 73, 74, 75, 76, 77, 78, 79, 80, 81, 82, 83, 84, 85, 86, 87, 88, 89, 90, 91, 92, 93, 94, 95
0, 15, 21, 32, 33, 69
0, 1, 2, 3, 4, 5, 6, 7, 8, 9, 10, 11, 12, 13, 14, 15, 17, 18, 19, 20, 21, 22, 23, 24, 25, 26, 27, 28, 29, 30, 31, 33, 34, 35, 36, 37, 38, 39, 40, 41, 42, 43, 44, 45, 46, 47, 48, 49, 50, 51, 53, 54, 55, 56, 57, 58, 59, 60, 61, 62, 63, 64, 65, 66, 67, 68, 69, 70, 71, 72, 74, 75, 76, 77, 78, 79, 80, 81, 82, 83, 84, 85, 86, 87, 88, 89, 90, 91, 92, 93, 94, 95
31, 46, 53, 92
31, 46, 70, 92
2, 84, 92, 94
0, 6, 8, 46, 74
0, 2, 6, 11, 18, 31, 41, 53, 54, 57, 58, 82, 92
14, 16, 18, 30, 84
31, 49, 67, 88
14, 19, 70, 73, 90
0, 18, 31, 36, 95
0, 15, 39, 46, 49, 64, 65, 70
0, 1, 2, 3, 4, 5, 6, 7, 8, 9, 10, 11, 12, 13, 14, 15, 16, 17, 18, 19, 20, 23, 24, 25, 26, 27, 28, 29, 30, 31, 34, 35, 36, 37, 38, 39, 40, 41, 42, 44, 45, 46, 47, 48, 49, 51, 52, 53, 54, 55, 56, 58, 60, 61, 62, 63, 64, 65, 66, 67, 68, 69, 71, 72, 73, 74, 75, 76, 77, 78, 79, 80, 81, 82, 83, 84, 86, 88, 89, 91, 92, 93, 94, 95
0, 2, 8, 16, 28, 46, 58, 63, 66, 76, 89
0, 1, 3, 4, 5, 6, 7, 8, 9, 11, 12, 13, 14, 15, 16, 17, 18, 19, 20, 21, 22, 25, 26, 27, 28, 29, 30, 31, 32, 33, 34, 35, 36, 37, 38, 39, 40, 41, 42, 43, 44, 45, 46, 47, 48, 49, 50, 51, 52, 53, 54, 55, 56, 57, 58, 59, 60, 61, 62, 63, 64, 65, 66, 67, 68, 69, 70, 71, 72, 73, 74, 75, 76, 78, 79, 80, 81, 82, 83, 84, 85, 86, 87, 88, 90, 91, 92, 93, 94, 95
0, 12, 20, 71
0, 3, 33, 37
0, 79, 80, 83, 92
31, 62, 89, 94
0, 15, 32, 90, 94
0, 2, 6, 20, 25, 30, 31, 33, 35, 37, 38, 43, 50, 52, 58, 59, 63, 66, 69, 72, 73, 76, 77, 78, 80, 81, 83, 85, 87, 89, 90
50, 53, 58, 65, 81
49, 73, 86, 91, 95
0, 18, 23, 34, 57, 59
0, 13, 31, 82, 94
14, 23, 34, 37, 47, 63, 66, 68, 76
31, 34, 69, 94
0, 4, 80, 91
14, 24, 36, 40, 42, 79
0, 11, 12, 42
31, 54, 61, 77, 80
0, 1, 2, 3, 5, 6, 7, 8, 9, 10, 11, 12, 13, 14, 15, 16, 17, 18, 19, 20, 21, 22, 23, 24, 25, 26, 28, 29, 30, 32, 33, 34, 35, 36, 37, 38, 39, 40, 41, 42, 44, 45, 46, 47, 48, 49, 50, 51, 52, 53, 54, 55, 56, 57, 58, 59, 60, 61, 62, 64, 66, 67, 69, 70, 71, 72, 73, 74, 75, 76, 77, 78, 79, 80, 82, 83, 84, 85, 86, 87, 88, 89, 90, 91, 92, 93, 94, 95
9, 15, 29, 48, 62, 69, 82, 85
0, 7, 66, 94
0, 1, 3, 4, 5, 7, 11, 13, 14, 18, 23, 24, 25, 26, 27, 28, 32, 35, 36, 44, 47, 52, 62, 68, 69, 70, 71, 72, 73, 83, 84, 85, 89, 90
14, 30, 43, 63
0, 6, 20, 25, 26, 37, 40, 43, 52, 54, 58, 62, 68, 69, 72, 76, 85, 87, 88, 92, 93, 94
0, 1, 12, 29, 33, 34, 53, 85, 86
14, 39, 88, 95
14, 15, 32, 62, 83
14, 39, 57, 69, 76, 94
31, 38, 52, 54
14, 21, 45, 68, 76
14, 24, 59, 68
14, 42, 55, 91
14, 23, 65, 71
0, 16, 45, 75
0, 2, 5, 6, 7, 8, 9, 10, 11, 12, 13, 14, 15, 16, 17, 18, 19, 20, 21, 22, 23, 24, 25, 26, 27, 29, 30, 31, 32, 33, 34, 35, 36, 37, 38, 39, 40, 41, 42, 43, 44, 45, 46, 49, 50, 51, 52, 53, 54, 56, 57, 58, 59, 60, 61, 62, 63, 64, 65, 66, 67, 68, 69, 70, 71, 72, 73, 74, 75, 76, 78, 79, 80, 82, 83, 84, 85, 86, 87, 88, 89, 90, 91, 92, 93, 94, 95
0, 1, 2, 3, 4, 5, 6, 7, 8, 10, 11, 12, 13, 14, 15, 16, 17, 19, 22, 23, 24, 25, 26, 27, 28, 29, 30, 31, 32, 33, 34, 35, 36, 37, 38, 39, 40, 41, 42, 43, 44, 45, 46, 48, 49, 50, 51, 52, 53, 54, 55, 56, 57, 58, 59, 60, 61, 62, 63, 64, 65, 66, 67, 68, 69, 70, 71, 72, 73, 74, 75, 76, 77, 78, 79, 80, 81, 82, 83, 84, 85, 86, 87, 88, 89, 90, 91, 92, 93, 94, 95
0, 1, 2, 3, 5, 6, 7, 9, 10, 11, 12, 13, 14, 15, 16, 17, 18, 19, 20, 21, 22, 23, 24, 25, 26, 27, 28, 29, 30, 32, 33, 34, 35, 36, 37, 38, 39, 40, 43, 44, 45, 46, 47, 48, 50, 51, 52, 53, 54, 55, 56, 57, 58, 59, 61, 62, 63, 64, 65, 66, 67, 68, 69, 70, 71, 72, 73, 75, 77, 78, 79, 80, 81, 82, 83, 85, 86, 87, 88, 89, 90, 91, 92, 93, 94, 95
0, 21, 32, 33, 57
0, 6, 30, 80
0, 41, 68, 77, 82, 83, 86, 93
31, 41, 58, 69
31, 39, 44, 57, 84
0, 1, 9, 10, 11, 13, 14, 16, 18, 39, 40, 42, 43, 45, 48, 54, 55, 61, 66, 71, 72, 78, 79, 80, 85, 88, 89, 94
0, 1, 2, 4, 5, 6, 7, 8, 9, 10, 11, 12, 13, 14, 15, 16, 17, 18, 19, 21, 22, 23, 24, 25, 26, 27, 28, 29, 30, 31, 32, 33, 34, 35, 37, 38, 39, 40, 41, 42, 43, 45, 47, 48, 49, 50, 51, 53, 54, 55, 56, 57, 58, 59, 60, 61, 62, 63, 64, 67, 68, 69, 70, 72, 73, 75, 76, 78, 79, 80, 81, 82, 83, 84, 85, 86, 87, 88, 89, 90, 91, 92, 93, 94, 95
0, 28, 37, 74
0, 1, 3, 4, 5, 6, 7, 9, 10, 11, 12, 13, 14, 15, 16, 17, 19, 20, 21, 26, 28, 29, 32, 33, 37, 40, 42, 44, 45, 47, 48, 50, 54, 56, 59, 61, 62, 63, 64, 65, 66, 67, 68, 69, 70, 71, 72, 73, 77, 78, 80, 81, 82, 83, 84, 85, 86, 88, 89, 90, 91, 94, 95
0, 33, 47, 50, 83
0, 8, 60, 64
14, 48, 61, 66
0, 3, 9, 19, 20, 21, 22, 23, 26, 27, 29, 30, 31, 33, 34, 37, 40, 41, 42, 43, 46, 47, 52, 54, 55, 57, 58, 59, 63, 64, 66, 68, 70, 71, 80, 88, 89, 92, 94
0, 42, 45, 76
14, 23, 25, 38, 64, 70, 74, 88
0, 35, 61, 94
0, 2, 3, 4, 5, 7, 8, 10, 11, 12, 13, 15, 17, 18, 19, 21, 22, 23, 24, 25, 31, 32, 33, 35, 36, 37, 38, 39, 40, 41, 43, 45, 48, 50, 51, 52, 53, 55, 56, 58, 59, 60, 61, 62, 63, 64, 65, 66, 67, 68, 70, 71, 72, 73, 74, 75, 77, 78, 79, 80, 81, 82, 83, 84, 85, 86, 87, 88, 89, 90, 91, 92, 93, 95
14, 22, 70, 71, 73, 74, 82
0, 1, 2, 3, 4, 5, 6, 7, 10, 11, 12, 13, 14, 15, 16, 17, 18, 20, 21, 22, 23, 25, 26, 27, 28, 29, 30, 31, 32, 33, 34, 35, 36, 37, 38, 39, 40, 42, 43, 44, 45, 46, 47, 48, 49, 50, 51, 52, 53, 54, 55, 56, 57, 58, 59, 60, 61, 62, 63, 64, 65, 66, 67, 68, 69, 70, 71, 72, 73, 74, 75, 76, 78, 79, 80, 81, 83, 84, 85, 86, 87, 89, 90, 91, 92, 93, 94, 95
0, 8, 13, 19, 54, 79, 89
0, 8, 12, 25, 39, 57, 67, 75, 89
0, 4, 9, 11, 12, 13, 14, 16, 17, 19, 20, 21, 22, 23, 25, 26, 27, 29, 31, 37, 38, 39, 40, 45, 47, 53, 54, 55, 56, 60, 65, 66, 70, 74, 75, 76, 77, 78, 83, 84, 87, 88, 89, 91, 93, 95
0, 1, 12, 24, 25, 29, 32, 33, 34, 40, 47, 53, 70, 77, 85, 86, 91
31, 39, 65, 66, 86, 95
0, 3, 5, 9, 16, 19, 23, 29, 31, 50, 55, 58, 62, 67, 72, 77, 87, 90, 92
0, 1, 2, 3, 4, 5, 6, 7, 8, 9, 10, 11, 13, 14, 15, 16, 18, 19, 21, 23, 25, 27, 28, 29, 31, 34, 36, 37, 38, 39, 40, 41, 42, 43, 44, 45, 46, 47, 48, 49, 51, 52, 54, 55, 57, 59, 60, 61, 62, 63, 64, 65, 66, 68, 69, 70, 73, 75, 76, 78, 79, 80, 82, 85, 86, 88, 89, 90, 91, 92, 93, 94, 95
0, 1, 2, 3, 4, 5, 9, 11, 12, 14, 15, 18, 19, 20, 21, 23, 25, 27, 28, 29, 30, 31, 32, 33, 34, 35, 36, 38, 39, 42, 45, 46, 48, 50, 51, 52, 54, 55, 56, 57, 58, 59, 60, 61, 62, 63, 64, 66, 67, 68, 69, 70, 71, 72, 73, 75, 76, 77, 78, 80, 82, 83, 85, 87, 88, 89, 92, 93, 94
0, 1, 2, 3, 4, 8, 9, 10, 11, 12, 13, 14, 16, 18, 19, 20, 21, 22, 23, 24, 25, 27, 28, 29, 30, 31, 32, 33, 34, 35, 36, 37, 38, 39, 42, 43, 44, 45, 46, 47, 48, 50, 51, 52, 53, 54, 55, 57, 58, 59, 60, 61, 62, 63, 64, 65, 66, 67, 68, 69, 70, 71, 72, 73, 74, 75, 76, 77, 79, 80, 81, 82, 83, 84, 85, 86, 87, 88, 89, 90, 91, 92, 93, 94, 95
0, 3, 4, 5, 6, 8, 10, 11, 16, 19, 20, 24, 29, 30, 35, 36, 37, 38, 39, 42, 43, 46, 47, 48, 49, 52, 55, 58, 62, 63, 64, 65, 67, 68, 71, 72, 76, 77, 79, 86, 88, 89, 90, 92, 93, 94
0, 18, 42, 56, 60, 66
0, 33, 75, 83
0, 11, 18, 21, 23, 30, 42, 48, 53, 59, 63, 68, 69, 71, 79, 82, 83, 86
0, 31, 61, 72
0, 3, 4, 7, 9, 11, 15, 16, 17, 18, 19, 20, 22, 23, 24, 26, 27, 28, 29, 30, 33, 34, 38, 41, 42, 44, 46, 47, 49, 50, 54, 55, 56, 57, 58, 59, 62, 67, 68, 69, 70, 71, 72, 73, 75, 76, 78, 79, 84, 85, 86, 89, 90, 91, 93
0, 5, 6, 16, 17, 19, 20, 22, 24, 25, 28, 46, 48, 52, 55, 57, 60, 61, 68, 72, 73, 74, 75, 76, 82, 88, 91, 92, 94, 95
0, 3, 4, 5, 6, 7, 10, 12, 13, 23, 25, 26, 28, 30, 34, 35, 36, 49, 53, 54, 56, 60, 65, 68, 69, 70, 71, 75, 78, 79, 80, 83, 84, 85, 86, 88, 91
15, 28, 72, 87
15, 18, 39, 88
0, 1, 2, 3, 4, 5, 6, 7, 8, 9, 10, 11, 12, 13, 14, 15, 16, 17, 18, 19, 20, 21, 24, 25, 26, 27, 28, 29, 30, 31, 32, 33, 34, 35, 36, 37, 38, 39, 40, 41, 42, 43, 44, 45, 46, 47, 48, 49, 50, 51, 52, 53, 54, 55, 56, 57, 58, 59, 60, 61, 62, 63, 64, 65, 66, 67, 68, 69, 70, 71, 72, 73, 74, 76, 77, 78, 79, 80, 81, 82, 83, 85, 86, 87, 88, 89, 90, 91, 92, 93, 94, 95
31, 48, 66, 74
0, 6, 15, 70, 93
0, 2, 5, 6, 16, 17, 22, 23, 26, 30, 44, 48, 54, 55, 57, 58, 59, 60, 65, 66, 69, 72, 84, 87, 88
53, 68, 70, 71
0, 1, 2, 3, 4, 6, 7, 8, 9, 10, 12, 13, 14, 16, 17, 18, 19, 20, 21, 22, 23, 24, 25, 26, 27, 28, 29, 30, 31, 32, 33, 34, 35, 37, 38, 39, 41, 42, 43, 44, 46, 47, 48, 49, 50, 51, 52, 53, 54, 55, 56, 57, 59, 60, 62, 63, 64, 66, 67, 68, 69, 70, 71, 72, 73, 74, 76, 77, 78, 79, 80, 81, 82, 83, 85, 86, 87, 89, 90, 91, 92, 93, 94, 95
0, 1, 3, 4, 5, 6, 7, 8, 9, 11, 12, 14, 15, 16, 17, 18, 21, 22, 23, 24, 25, 27, 28, 29, 30, 31, 32, 33, 35, 36, 38, 41, 42, 44, 45, 46, 47, 48, 49, 50, 51, 52, 54, 56, 57, 59, 61, 62, 63, 64, 65, 67, 70, 71, 73, 74, 75, 76, 77, 78, 79, 81, 83, 84, 85, 86, 87, 88, 89, 90, 91, 93, 94, 95
0, 9, 11, 13, 15, 16, 19, 20, 30, 38, 43, 52, 54, 58, 65, 69, 70, 71, 77, 78, 81, 90, 94
0, 18, 74, 76, 84, 88
0, 54, 70, 89, 91
0, 1, 2, 3, 4, 5, 6, 7, 8, 9, 11, 12, 13, 14, 15, 16, 17, 18, 19, 20, 22, 23, 24, 25, 26, 27, 28, 29, 31, 32, 33, 35, 36, 39, 40, 41, 42, 43, 44, 45, 46, 47, 48, 49, 51, 52, 53, 54, 55, 57, 58, 59, 60, 61, 62, 63, 64, 65, 66, 67, 68, 69, 70, 71, 72, 73, 76, 77, 78, 79, 80, 81, 83, 84, 86, 87, 89, 90, 91, 92, 94, 95
0, 3, 5, 10, 12, 13, 15, 16, 20, 25, 28, 30, 31, 32, 33, 37, 39, 42, 50, 53, 54, 57, 80, 81, 82, 84, 85, 92
15, 17, 25, 49, 81, 84
0, 27, 58, 79
0, 6, 8, 25, 41, 49, 67, 80, 94
0, 12, 28, 62, 71, 74, 93
36, 37, 64, 91
0, 2, 3, 4, 5, 6, 8, 9, 11, 12, 14, 17, 18, 20, 21, 22, 23, 28, 29, 31, 34, 37, 39, 41, 42, 44, 46, 47, 48, 54, 56, 57, 58, 60, 62, 65, 66, 70, 71, 72, 75, 76, 79, 81, 82, 85, 87, 88, 89, 90, 91, 92, 94, 95
0, 1, 9, 11, 31, 50, 67, 70, 71, 74, 90, 92
0, 18, 23, 34, 59
0, 13, 52, 70, 90
0, 2, 3, 4, 5, 6, 7, 8, 10, 11, 12, 13, 14, 20, 22, 23, 24, 27, 28, 29, 34, 35, 36, 37, 38, 39, 41, 42, 43, 44, 46, 48, 51, 53, 54, 56, 57, 58, 59, 60, 61, 62, 63, 64, 65, 67, 68, 69, 72, 73, 74, 76, 77, 78, 80, 81, 83, 85, 87, 88, 89, 92, 94
0, 41, 60, 62, 82
0, 54, 77, 95
0, 1, 4, 7, 14, 15, 16, 18, 21, 22, 24, 29, 31, 32, 33, 34, 36, 40, 41, 42, 45, 47, 50, 51, 52, 54, 57, 58, 62, 63, 64, 67, 68, 70, 72, 73, 74, 75, 76, 78, 79, 81, 82, 84, 86, 89, 90, 91, 92
0, 2, 3, 4, 5, 6, 7, 10, 11, 12, 13, 14, 15, 16, 19, 20, 21, 22, 24, 26, 27, 28, 29, 30, 31, 32, 33, 34, 35, 36, 37, 38, 39, 40, 41, 43, 44, 45, 46, 48, 49, 50, 51, 52, 54, 55, 56, 58, 59, 60, 61, 62, 63, 64, 65, 66, 67, 68, 69, 71, 73, 74, 75, 76, 77, 78, 79, 80, 81, 82, 83, 84, 85, 86, 87, 88, 89, 90, 91, 92, 93, 94, 95
0, 1, 3, 4, 5, 6, 7, 8, 9, 10, 11, 12, 13, 14, 15, 16, 17, 19, 20, 21, 22, 23, 24, 25, 26, 27, 28, 29, 30, 31, 32, 33, 34, 35, 36, 37, 38, 39, 40, 41, 42, 43, 44, 45, 46, 47, 49, 51, 52, 53, 54, 55, 56, 57, 58, 59, 60, 61, 62, 63, 64, 65, 66, 67, 68, 69, 70, 71, 74, 75, 77, 78, 79, 80, 81, 82, 83, 84, 85, 86, 87, 89, 90, 92, 93, 94, 95
15, 23, 57, 58, 86
0, 30, 63, 78
0, 4, 24, 26, 33, 37, 61, 74, 78, 90, 94, 95
15, 17, 19, 45
0, 1, 2, 3, 5, 7, 8, 9, 10, 11, 12, 14, 15, 16, 18, 19, 20, 21, 22, 23, 25, 26, 27, 28, 29, 30, 31, 32, 33, 34, 36, 37, 38, 39, 40, 41, 42, 43, 44, 45, 46, 47, 48, 49, 50, 51, 52, 53, 54, 55, 56, 57, 58, 59, 60, 61, 62, 63, 64, 65, 66, 67, 68, 69, 70, 73, 74, 75, 77, 78, 79, 80, 81, 82, 83, 84, 85, 86, 87, 88, 89, 90, 91, 92, 93, 94, 95
0, 1, 2, 3, 4, 6, 7, 8, 9, 10, 11, 12, 13, 14, 15, 16, 17, 18, 19, 20, 21, 22, 24, 25, 26, 27, 28, 29, 30, 31, 32, 33, 34, 35, 36, 37, 38, 40, 42, 43, 44, 45, 47, 48, 49, 50, 51, 52, 53, 54, 55, 56, 57, 58, 59, 60, 61, 62, 63, 64, 65, 66, 67, 68, 69, 70, 71, 72, 73, 74, 75, 76, 77, 78, 79, 80, 81, 82, 83, 84, 85, 86, 87, 88, 89, 90, 91, 92, 93, 94, 95
0, 21, 32, 33, 57
15, 75, 79, 80, 86
0, 1, 4, 5, 6, 7, 9, 11, 13, 15, 16, 18, 19, 21, 22, 23, 24, 25, 26, 27, 28, 29, 30, 31, 33, 38, 40, 41, 42, 43, 45, 46, 47, 48, 49, 51, 52, 53, 54, 55, 56, 57, 58, 59, 60, 61, 62, 63, 64, 66, 67, 68, 69, 71, 72, 73, 74, 75, 77, 78, 79, 80, 81, 82, 83, 84, 85, 88, 90, 91, 92, 93, 94, 95
0, 2, 8, 23, 32, 33, 44, 54, 64, 68, 70, 72, 74, 78, 83, 89, 91, 92
0, 2, 3, 4, 5, 6, 7, 8, 9, 10, 11, 12, 14, 15, 16, 17, 19, 20, 21, 22, 23, 24, 27, 31, 32, 34, 36, 37, 38, 39, 40, 41, 42, 43, 44, 46, 47, 48, 49, 51, 52, 53, 54, 55, 57, 58, 60, 61, 62, 63, 65, 66, 67, 68, 69, 70, 72, 73, 74, 75, 76, 77, 78, 79, 80, 81, 82, 84, 85, 86, 87, 90, 91, 93, 94, 95
0, 4, 74, 80, 89
0, 17, 52, 71, 85
0, 1, 2, 3, 4, 5, 6, 9, 10, 12, 13, 15, 17, 18, 19, 20, 22, 23, 25, 27, 28, 30, 31, 32, 35, 36, 37, 38, 39, 41, 42, 43, 45, 46, 47, 48, 49, 51, 53, 55, 58, 59, 61, 62, 63, 64, 65, 66, 67, 68, 69, 71, 72, 73, 74, 76, 77, 79, 80, 81, 85, 87, 88, 89, 90, 91, 92, 93, 94, 95
0, 3, 4, 6, 7, 9, 11, 12, 13, 14, 15, 17, 19, 22, 23, 25, 26, 27, 28, 29, 30, 31, 32, 33, 34, 35, 36, 37, 38, 39, 40, 42, 43, 45, 46, 48, 49, 50, 51, 53, 54, 56, 57, 58, 60, 61, 62, 64, 65, 66, 67, 69, 70, 72, 73, 74, 75, 76, 79, 81, 82, 84, 86, 87, 88, 90, 92, 93, 94, 95
0, 1, 2, 3, 4, 5, 6, 7, 8, 9, 10, 11, 12, 13, 14, 15, 16, 17, 18, 19, 20, 21, 22, 23, 24, 26, 27, 28, 29, 30, 31, 32, 33, 34, 35, 36, 37, 38, 39, 40, 41, 42, 43, 44, 45, 46, 47, 48, 49, 50, 51, 52, 53, 54, 55, 56, 57, 58, 59, 60, 61, 62, 63, 64, 65, 66, 68, 69, 70, 71, 73, 74, 75, 76, 77, 78, 79, 80, 81, 83, 84, 85, 86, 87, 88, 89, 90, 91, 92, 93, 95
14, 20, 25, 27, 29, 32, 44, 52, 67, 95
15, 25, 33, 42
0, 1, 2, 4, 5, 6, 7, 8, 9, 10, 11, 12, 13, 14, 15, 16, 17, 18, 19, 20, 21, 22, 23, 24, 25, 27, 28, 29, 30, 31, 32, 34, 35, 36, 37, 38, 39, 40, 41, 42, 43, 44, 45, 46, 47, 48, 49, 50, 51, 52, 53, 54, 55, 56, 57, 58, 59, 60, 61, 62, 63, 64, 65, 66, 67, 68, 69, 70, 71, 72, 73, 74, 75, 76, 77, 78, 79, 80, 81, 82, 83, 84, 85, 86, 87, 88, 90, 91, 92, 93, 94, 95
0, 54, 58, 67, 83
31, 42, 51, 84
0, 16, 47, 71
0, 4, 5, 7, 10, 13, 24, 26, 40, 44, 45, 47, 59, 64, 67, 74, 88, 90
0, 4, 55, 80, 81
0, 52, 54, 89
0, 54, 70, 89, 91
0, 6, 8, 46, 74
0, 3, 21, 22, 48, 55, 71, 87, 93, 95
0, 1, 4, 5, 8, 10, 12, 14, 15, 19, 20, 21, 22, 23, 26, 28, 29, 32, 34, 35, 40, 41, 43, 44, 47, 50, 56, 57, 58, 61, 64, 67, 69, 71, 72, 73, 75, 77, 79, 82, 84, 88, 91, 94
0, 8, 9, 13, 17, 19, 25, 27, 30, 35, 37, 39, 40, 41, 42, 50, 53, 55, 58, 62, 63, 64, 70, 71, 81, 82, 86
15, 20, 24, 25
0, 1, 2, 4, 7, 8, 9, 10, 11, 13, 14, 15, 16, 20, 21, 22, 23, 24, 26, 28, 30, 31, 32, 36, 37, 38, 39, 41, 44, 45, 46, 48, 49, 51, 52, 53, 55, 56, 58, 59, 60, 62, 64, 67, 68, 69, 71, 74, 75, 76, 77, 78, 81, 85, 86, 87, 88, 89, 90, 92, 93, 95
32, 43, 75, 88
0, 1, 2, 4, 7, 9, 10, 11, 12, 13, 14, 17, 18, 20, 24, 25, 29, 30, 32, 37, 38, 39, 44, 45, 46, 49, 50, 52, 53, 55, 58, 60, 61, 62, 65, 66, 67, 68, 69, 70, 72, 73, 74, 75, 77, 80, 82, 83, 84, 86, 88, 90, 92, 95
0, 4, 6, 12, 13, 18, 19, 21, 23, 28, 29, 31, 34, 36, 40, 42, 43, 44, 45, 46, 47, 48, 49, 50, 51, 54, 57, 61, 63, 65, 68, 69, 71, 78, 81, 87, 88, 90, 92, 95
32, 59, 77, 91
0, 4, 6, 8, 9, 12, 13, 15, 20, 27, 31, 33, 34, 36, 37, 39, 44, 57, 61, 62, 65, 67, 68, 69, 77, 78, 79, 81, 82, 91, 93
0, 5, 7, 22, 37, 47, 58, 60, 61, 64, 73, 77
0, 35, 44, 46
0, 3, 7, 33, 36, 46, 48, 49, 50, 67, 70, 77, 91, 95
0, 3, 4, 8, 15, 18, 44, 53, 68, 86, 87, 93
0, 1, 2, 3, 4, 5, 6, 7, 8, 9, 10, 11, 14, 15, 16, 17, 18, 19, 20, 21, 22, 23, 24, 25, 26, 27, 29, 30, 31, 32, 33, 34, 35, 37, 38, 39, 40, 41, 42, 43, 44, 45, 47, 48, 49, 50, 51, 52, 53, 54, 55, 56, 57, 58, 59, 60, 61, 62, 63, 64, 65, 66, 67, 69, 70, 71, 72, 73, 74, 75, 76, 78, 79, 81, 82, 83, 85, 86, 87, 88, 90, 91, 92, 93, 94, 95
0, 1, 3, 5, 7, 9, 13, 15, 16, 17, 19, 20, 24, 25, 26, 27, 28, 29, 31, 34, 35, 41, 43, 45, 47, 48, 50, 53, 54, 55, 56, 57, 58, 59, 60, 61, 62, 63, 64, 65, 66, 68, 69, 70, 73, 75, 76, 77, 78, 82, 83, 84, 85, 87, 92, 93
0, 1, 3, 6, 8, 9, 10, 11, 12, 14, 15, 17, 18, 20, 21, 23, 24, 25, 26, 27, 29, 30, 31, 32, 34, 35, 36, 37, 38, 39, 41, 42, 43, 44, 45, 46, 47, 48, 49, 50, 51, 52, 53, 55, 56, 57, 59, 60, 61, 62, 63, 64, 65, 66, 67, 69, 70, 72, 73, 74, 75, 76, 77, 78, 79, 80, 81, 82, 83, 84, 85, 86, 87, 88, 90, 91, 92, 93, 94, 95
0, 1, 3, 4, 5, 6, 7, 9, 12, 13, 14, 15, 16, 17, 18, 19, 21, 22, 23, 24, 25, 26, 29, 30, 31, 32, 34, 35, 37, 38, 40, 41, 42, 43, 44, 45, 46, 47, 49, 50, 51, 52, 53, 55, 56, 58, 59, 60, 61, 62, 63, 64, 66, 67, 68, 69, 70, 71, 72, 75, 76, 77, 78, 79, 80, 81, 82, 83, 84, 85, 86, 87, 88, 89, 91, 93, 95
0, 1, 4, 6, 7, 8, 9, 11, 12, 13, 14, 15, 17, 18, 19, 21, 23, 24, 25, 27, 28, 29, 30, 33, 35, 36, 37, 38, 39, 40, 41, 42, 44, 45, 46, 47, 48, 49, 50, 52, 53, 55, 56, 57, 59, 60, 61, 62, 63, 64, 66, 67, 68, 69, 70, 72, 73, 77, 78, 79, 80, 82, 83, 84, 87, 89, 90, 92, 93, 94, 95
0, 52, 54, 89
15, 31, 66, 87
15, 26, 58, 79
0, 7, 8, 9, 11, 12, 15, 16, 19, 20, 21, 22, 23, 27, 28, 32, 33, 34, 36, 41, 42, 44, 46, 49, 50, 53, 58, 60, 64, 67, 69, 71, 72, 73, 79, 82, 86, 87, 88, 89, 92, 94, 95
0, 10, 16, 61, 84, 87, 92
32, 35, 57, 83, 92, 95
0, 1, 2, 8, 10, 14, 16, 29, 33, 36, 40, 45, 48, 50, 54, 61, 71, 84
0, 1, 2, 3, 4, 5, 6, 9, 10, 17, 19, 27, 28, 29, 30, 32, 35, 36, 37, 38, 39, 40, 41, 42, 43, 44, 49, 51, 52, 53, 54, 55, 56, 57, 58, 60, 62, 65, 70, 71, 72, 74, 76, 77, 78, 79, 84, 85, 89, 91, 93, 94, 95
15, 21, 37, 43, 57, 79, 88
0, 2, 3, 4, 5, 6, 7, 8, 9, 10, 11, 12, 13, 14, 15, 16, 17, 18, 19, 20, 21, 22, 23, 24, 25, 26, 27, 28, 29, 30, 31, 32, 33, 35, 36, 37, 38, 39, 40, 41, 42, 43, 44, 45, 46, 47, 48, 49, 50, 51, 52, 53, 54, 55, 56, 57, 58, 60, 62, 63, 64, 65, 66, 67, 68, 69, 70, 71, 72, 73, 74, 75, 76, 77, 79, 80, 81, 82, 83, 84, 85, 86, 87, 88, 89, 90, 91, 92, 93, 94, 95
15, 36, 59, 60, 66, 80
0, 1, 2, 3, 4, 5, 6, 7, 8, 9, 10, 11, 12, 13, 14, 16, 17, 18, 20, 21, 22, 23, 24, 25, 26, 27, 28, 29, 30, 31, 32, 33, 34, 35, 36, 37, 38, 39, 40, 41, 42, 43, 45, 46, 47, 48, 49, 50, 51, 52, 53, 54, 55, 56, 57, 58, 59, 60, 61, 62, 63, 64, 65, 66, 67, 68, 69, 70, 71, 72, 73, 74, 75, 76, 77, 78, 79, 80, 81, 82, 83, 84, 86, 87, 88, 89, 90, 91, 92, 93, 94, 95
0, 20, 21, 30, 32, 36, 37, 40, 43, 44, 66, 68, 89
0, 3, 6, 24, 39, 48, 49, 85, 89
32, 48, 49, 54, 71, 89, 92
0, 1, 2, 3, 6, 8, 9, 10, 13, 14, 18, 22, 24, 26, 30, 32, 33, 35, 43, 46, 53, 55, 59, 67, 68, 69, 70, 75, 76, 78, 80, 87, 95
0, 1, 3, 4, 5, 6, 7, 8, 9, 10, 11, 12, 13, 14, 15, 16, 17, 18, 19, 20, 21, 22, 23, 24, 25, 26, 27, 28, 30, 31, 32, 33, 34, 35, 36, 38, 39, 40, 41, 43, 44, 45, 46, 47, 48, 49, 50, 51, 52, 53, 54, 55, 56, 57, 58, 59, 60, 61, 62, 63, 64, 65, 66, 67, 68, 69, 70, 71, 72, 73, 74, 75, 76, 77, 78, 79, 80, 83, 84, 85, 86, 87, 88, 89, 90, 91, 92, 93, 95
0, 13, 20, 26, 29, 37, 50
0, 11, 44, 61, 69
0, 27, 38, 76
0, 4, 12, 19, 22, 26, 33, 44, 53, 56, 64, 66, 67, 71, 72, 80, 85, 87, 89, 94
0, 1, 4, 5, 6, 7, 8, 9, 10, 12, 13, 14, 16, 17, 19, 21, 22, 25, 27, 28, 29, 31, 32, 34, 35, 38, 39, 43, 45, 47, 49, 51, 52, 54, 56, 58, 60, 61, 62, 64, 65, 66, 68, 70, 71, 72, 73, 75, 79, 82, 83, 86, 88, 89, 90, 91, 92, 95
0, 29, 76, 84
32, 40, 68, 69
0, 1, 2, 3, 4, 5, 8, 9, 10, 14, 15, 18, 21, 23, 24, 25, 26, 27, 28, 29, 31, 33, 35, 36, 38, 40, 41, 43, 44, 45, 46, 48, 50, 52, 54, 55, 56, 58, 60, 61, 63, 64, 65, 66, 67, 70, 71, 73, 75, 76, 77, 79, 81, 82, 83, 85, 86, 89, 90, 91, 92, 94
0, 2, 3, 5, 6, 10, 11, 15, 16, 19, 20, 22, 24, 25, 29, 30, 33, 36, 37, 38, 39, 41, 42, 44, 45, 46, 48, 49, 50, 52, 56, 57, 58, 59, 61, 62, 66, 67, 68, 69, 71, 72, 73, 75, 79, 80, 85, 86, 88, 91, 93
32, 36, 79, 80
0, 1, 2, 7, 8, 11, 12, 13, 14, 17, 19, 20, 21, 23, 24, 26, 27, 29, 30, 34, 36, 40, 42, 43, 44, 45, 46, 47, 48, 50, 53, 54, 55, 56, 57, 60, 61, 63, 65, 66, 68, 70, 72, 74, 75, 76, 77, 78, 80, 81, 82, 86, 87, 88, 90, 92, 93, 94, 95
0, 2, 3, 4, 5, 7, 8, 9, 10, 12, 14, 19, 21, 22, 24, 26, 28, 32, 35, 36, 39, 40, 41, 43, 44, 48, 49, 51, 52, 55, 56, 57, 60, 61, 62, 63, 65, 71, 72, 73, 74, 75, 78, 79, 81, 82, 83, 84, 85, 87, 89, 91, 92, 94
0, 1, 2, 4, 5, 6, 7, 9, 10, 11, 12, 13, 14, 15, 16, 17, 18, 19, 20, 21, 22, 23, 24, 25, 26, 27, 28, 29, 32, 33, 34, 35, 36, 37, 38, 39, 40, 42, 44, 45, 47, 48, 49, 51, 52, 53, 54, 55, 57, 58, 59, 60, 61, 62, 63, 64, 65, 66, 67, 68, 69, 70, 71, 72, 73, 74, 76, 77, 78, 79, 80, 81, 82, 83, 85, 86, 87, 88, 89, 90, 91, 92, 93, 95
15, 28, 42, 43, 86
0, 1, 2, 3, 6, 7, 8, 9, 10, 11, 12, 13, 14, 15, 17, 18, 19, 20, 21, 22, 23, 24, 25, 26, 27, 29, 30, 31, 32, 33, 35, 36, 37, 38, 40, 41, 42, 43, 44, 45, 46, 47, 49, 51, 52, 53, 54, 55, 56, 57, 58, 59, 60, 61, 62, 63, 64, 65, 66, 67, 68, 69, 70, 72, 73, 74, 75, 76, 77, 78, 79, 80, 81, 82, 83, 84, 85, 87, 88, 90, 91, 92, 93, 94, 95
0, 27, 75, 90
0, 2, 3, 4, 5, 6, 7, 8, 9, 10, 11, 12, 13, 14, 15, 16, 17, 18, 19, 21, 22, 23, 24, 25, 26, 27, 28, 29, 30, 31, 32, 33, 34, 36, 37, 38, 39, 40, 42, 43, 44, 45, 46, 47, 48, 49, 50, 51, 52, 53, 54, 55, 56, 57, 58, 59, 60, 61, 62, 63, 64, 65, 66, 67, 68, 69, 70, 74, 75, 76, 77, 78, 79, 80, 81, 82, 83, 84, 87, 88, 89, 90, 91, 92, 93, 94
0, 1, 2, 3, 4, 7, 8, 9, 10, 11, 12, 13, 14, 15, 16, 17, 19, 21, 22, 23, 24, 25, 26, 27, 28, 30, 31, 32, 34, 35, 37, 38, 39, 40, 41, 42, 43, 44, 45, 46, 47, 48, 49, 50, 51, 52, 53, 54, 55, 56, 57, 59, 60, 61, 63, 65, 67, 68, 69, 70, 71, 72, 73, 76, 77, 78, 79, 80, 81, 82, 83, 85, 86, 87, 88, 90, 91, 92, 93, 94, 95
0, 1, 2, 3, 4, 5, 6, 7, 8, 9, 10, 11, 12, 13, 14, 15, 16, 17, 18, 19, 20, 21, 22, 23, 24, 25, 26, 27, 28, 29, 31, 32, 33, 34, 35, 36, 37, 38, 40, 41, 42, 43, 44, 45, 46, 47, 48, 49, 50, 52, 53, 54, 55, 56, 57, 58, 59, 60, 61, 62, 63, 64, 65, 66, 67, 68, 69, 70, 71, 72, 73, 74, 75, 76, 77, 78, 80, 81, 82, 83, 84, 85, 86, 87, 88, 89, 90, 91, 92, 93, 94, 95
0, 2, 4, 5, 6, 8, 11, 13, 14, 18, 22, 23, 24, 27, 28, 31, 32, 33, 35, 37, 39, 41, 42, 43, 44, 46, 48, 50, 51, 52, 53, 54, 55, 57, 58, 60, 61, 62, 66, 68, 69, 71, 73, 74, 75, 76, 77, 78, 79, 81, 85, 86, 87, 90, 91, 92, 94, 95
0, 7, 28, 44, 79, 93
0, 1, 3, 4, 5, 6, 7, 8, 9, 10, 11, 12, 13, 14, 15, 16, 17, 19, 20, 21, 22, 23, 24, 25, 27, 28, 29, 30, 31, 32, 34, 35, 36, 37, 38, 39, 40, 41, 43, 44, 45, 46, 47, 48, 49, 51, 53, 54, 56, 57, 59, 60, 61, 62, 63, 64, 65, 66, 67, 68, 70, 71, 72, 74, 75, 77, 78, 79, 80, 81, 82, 83, 84, 85, 86, 87, 88, 89, 90, 91, 92, 93, 94, 95
0, 2, 13, 16, 19, 33, 45, 49, 54, 61, 64
0, 1, 2, 3, 4, 5, 8, 11, 13, 14, 15, 16, 18, 19, 20, 21, 22, 24, 25, 27, 29, 32, 34, 36, 38, 39, 40, 42, 43, 47, 48, 49, 50, 55, 57, 59, 61, 62, 63, 64, 65, 66, 67, 68, 69, 72, 73, 74, 75, 77, 78, 79, 80, 82, 84, 85, 86, 87, 88, 89, 90, 91, 92, 93, 94, 95
0, 2, 5, 6, 7, 8, 9, 11, 12, 13, 15, 16, 18, 20, 22, 23, 28, 30, 31, 32, 34, 36, 38, 39, 40, 41, 42, 43, 45, 47, 50, 51, 52, 54, 55, 56, 58, 60, 63, 64, 67, 68, 69, 71, 76, 78, 79, 80, 81, 82, 84, 88, 90, 91, 92, 93, 94, 95
0, 10, 58, 72, 75
0, 1, 2, 3, 6, 8, 9, 11, 12, 13, 14, 15, 16, 20, 21, 22, 23, 24, 28, 29, 30, 31, 32, 34, 37, 39, 43, 47, 48, 49, 50, 51, 52, 53, 55, 56, 59, 61, 62, 63, 65, 67, 68, 69, 70, 71, 72, 73, 74, 76, 77, 78, 81, 83, 84, 86, 87, 88, 90, 91, 92, 93, 95
15, 59, 65, 69, 92
0, 14, 20, 24, 30, 33, 47, 55, 65, 68, 72, 78, 80, 91, 95
0, 4, 6, 7, 10, 11, 13, 14, 18, 19, 20, 22, 24, 25, 26, 27, 28, 29, 31, 32, 34, 35, 37, 41, 43, 44, 46, 47, 49, 50, 51, 52, 53, 54, 57, 58, 60, 61, 62, 63, 64, 65, 66, 68, 69, 70, 71, 72, 73, 75, 76, 78, 79, 81, 82, 83, 84, 85, 88, 90, 91, 92, 93
14, 34, 53, 83, 84, 94
0, 1, 2, 3, 4, 5, 7, 8, 9, 10, 11, 12, 13, 14, 15, 16, 17, 18, 20, 21, 22, 23, 24, 25, 26, 27, 28, 29, 31, 32, 33, 34, 35, 36, 37, 38, 39, 40, 41, 42, 43, 44, 45, 46, 47, 48, 49, 50, 51, 52, 53, 54, 55, 56, 57, 58, 59, 60, 61, 62, 63, 64, 65, 66, 67, 69, 70, 71, 72, 73, 74, 75, 76, 77, 78, 79, 80, 81, 82, 83, 84, 85, 87, 88, 89, 90, 91, 92, 93, 94, 95
0, 1, 2, 3, 4, 5, 6, 7, 9, 10, 11, 12, 13, 14, 15, 16, 17, 18, 19, 21, 22, 23, 24, 25, 26, 27, 28, 29, 30, 31, 32, 33, 34, 35, 36, 38, 39, 40, 41, 43, 44, 45, 46, 47, 48, 49, 50, 52, 53, 55, 56, 57, 58, 59, 60, 61, 62, 64, 65, 66, 67, 68, 70, 71, 72, 73, 74, 75, 76, 77, 81, 82, 83, 84, 85, 86, 88, 89, 90, 91, 92, 93, 94, 95
15, 23, 27, 33, 34, 36, 39, 55, 68, 71, 73, 78, 79, 81, 86, 91
32, 60, 73, 80, 81, 92
15, 23, 42, 53, 55, 73, 75
0, 2, 3, 5, 6, 7, 8, 9, 10, 11, 12, 13, 14, 15, 17, 18, 20, 21, 22, 25, 27, 28, 29, 30, 31, 32, 33, 34, 35, 36, 37, 39, 43, 44, 45, 46, 47, 50, 52, 53, 54, 55, 57, 60, 61, 62, 63, 64, 65, 66, 67, 69, 70, 71, 72, 73, 74, 75, 76, 77, 78, 79, 80, 81, 84, 85, 86, 87, 88, 91, 92, 93, 94, 95
0, 21, 45, 68, 72, 76, 89
0, 37, 40, 73
0, 1, 2, 4, 5, 6, 8, 9, 10, 11, 12, 13, 14, 15, 16, 17, 18, 20, 21, 22, 23, 24, 26, 27, 29, 30, 31, 32, 33, 35, 36, 37, 38, 39, 40, 41, 42, 43, 44, 45, 46, 47, 48, 49, 50, 51, 52, 53, 54, 55, 56, 57, 58, 59, 60, 61, 62, 63, 64, 65, 66, 67, 68, 69, 70, 71, 72, 73, 75, 76, 77, 78, 79, 80, 81, 82, 83, 84, 85, 86, 87, 88, 89, 90, 91, 92, 93, 94, 95
0, 1, 2, 3, 4, 7, 8, 9, 10, 11, 12, 13, 14, 15, 16, 17, 18, 19, 20, 21, 23, 24, 25, 26, 27, 28, 29, 30, 31, 32, 33, 34, 35, 36, 37, 38, 39, 40, 41, 43, 44, 45, 46, 47, 48, 49, 50, 51, 52, 53, 54, 55, 57, 58, 60, 62, 63, 66, 67, 69, 70, 71, 72, 73, 74, 75, 76, 77, 78, 79, 80, 81, 82, 83, 85, 86, 87, 88, 89, 90, 91, 92, 93, 94, 95
0, 6, 27, 63, 66, 71, 74
0, 2, 4, 5, 7, 8, 10, 11, 12, 13, 14, 15, 17, 18, 19, 23, 25, 26, 27, 28, 29, 31, 32, 33, 34, 35, 36, 38, 39, 40, 41, 42, 43, 44, 45, 46, 47, 48, 49, 50, 52, 53, 54, 55, 56, 57, 58, 59, 60, 61, 62, 63, 64, 65, 66, 67, 68, 69, 70, 71, 72, 73, 75, 77, 78, 79, 80, 82, 83, 87, 88, 89, 90, 91, 93, 94, 95
15, 25, 31, 33, 35, 68, 71, 80
0, 24, 74, 87
22, 41, 53, 81
0, 2, 6, 18, 20, 25, 30, 31, 33, 35, 37, 38, 43, 50, 52, 58, 59, 63, 66, 69, 72, 73, 76, 77, 78, 80, 81, 83, 84, 85, 86, 87, 89, 90
0, 1, 2, 4, 5, 6, 8, 9, 10, 11, 12, 13, 14, 15, 18, 21, 22, 23, 25, 27, 29, 30, 32, 33, 35, 37, 38, 39, 43, 46, 48, 50, 51, 53, 54, 59, 61, 62, 65, 68, 69, 70, 71, 72, 73, 78, 79, 80, 81, 85, 86, 88, 89, 91, 93, 94
0, 1, 2, 5, 6, 7, 8, 9, 10, 11, 12, 13, 14, 15, 16, 17, 18, 19, 20, 21, 22, 23, 24, 25, 26, 27, 28, 29, 30, 31, 32, 33, 34, 35, 36, 37, 38, 39, 40, 41, 42, 43, 44, 45, 46, 47, 48, 49, 50, 51, 52, 53, 54, 55, 56, 57, 58, 59, 60, 61, 62, 63, 64, 66, 67, 68, 69, 70, 71, 72, 73, 74, 75, 76, 77, 78, 79, 81, 82, 83, 84, 85, 86, 87, 88, 89, 90, 91, 92, 93, 94, 95
0, 1, 2, 3, 4, 5, 6, 7, 8, 9, 11, 12, 13, 15, 16, 17, 21, 22, 23, 24, 25, 27, 28, 29, 32, 33, 35, 36, 38, 39, 42, 43, 44, 45, 46, 47, 48, 50, 51, 52, 53, 54, 57, 59, 60, 62, 64, 65, 66, 67, 68, 69, 70, 71, 72, 74, 75, 76, 77, 78, 79, 80, 81, 82, 83, 84, 87, 88, 89, 90, 91, 92, 93, 94
0, 10, 14, 43, 63
0, 1, 4, 5, 6, 11, 12, 13, 14, 15, 18, 23, 24, 26, 27, 28, 32, 34, 35, 36, 38, 39, 43, 44, 46, 47, 50, 52, 53, 54, 55, 56, 57, 58, 59, 60, 61, 63, 65, 68, 69, 70, 71, 72, 73, 76, 78, 79, 80, 81, 83, 84, 86, 87, 89, 90, 91, 92
0, 3, 17, 24, 61, 62, 77, 80, 84, 87
0, 2, 4, 5, 6, 7, 8, 9, 10, 11, 12, 13, 14, 15, 17, 18, 19, 20, 21, 22, 23, 24, 25, 26, 27, 28, 29, 30, 31, 32, 34, 35, 36, 37, 38, 39, 40, 41, 42, 43, 44, 45, 46, 47, 48, 49, 50, 51, 52, 53, 54, 55, 56, 57, 58, 59, 61, 62, 63, 64, 65, 66, 67, 68, 69, 70, 71, 72, 73, 74, 75, 76, 77, 78, 79, 80, 81, 82, 83, 85, 86, 87, 88, 89, 90, 91, 92, 93, 94, 95
0, 1, 2, 3, 4, 5, 7, 8, 9, 10, 11, 12, 13, 14, 15, 16, 17, 18, 19, 21, 22, 23, 25, 26, 27, 29, 30, 31, 32, 33, 35, 36, 37, 39, 40, 41, 42, 44, 45, 46, 48, 49, 50, 51, 53, 54, 55, 56, 58, 59, 60, 61, 62, 63, 64, 65, 66, 67, 68, 69, 70, 72, 73, 74, 75, 78, 79, 80, 82, 84, 85, 86, 87, 88, 89, 90, 91, 92, 93, 94, 95
0, 1, 2, 3, 4, 6, 7, 8, 9, 10, 11, 12, 13, 14, 15, 16, 17, 18, 19, 20, 21, 22, 24, 25, 26, 27, 28, 29, 30, 31, 32, 33, 34, 35, 36, 37, 38, 39, 40, 42, 43, 44, 45, 47, 48, 49, 50, 51, 52, 53, 54, 55, 56, 57, 58, 59, 60, 61, 62, 63, 64, 65, 66, 67, 68, 69, 70, 71, 72, 73, 74, 75, 76, 77, 78, 79, 80, 81, 82, 83, 84, 85, 86, 87, 88, 90, 91, 92, 93, 94, 95
0, 2, 3, 4, 7, 8, 9, 10, 16, 19, 21, 23, 25, 28, 29, 31, 33, 34, 35, 36, 39, 42, 44, 46, 47, 48, 49, 51, 52, 55, 57, 59, 60, 61, 62, 63, 64, 66, 69, 71, 72, 75, 76, 77, 78, 79, 80, 81, 82, 85, 86, 88, 89, 90, 94, 95
0, 1, 3, 4, 5, 6, 7, 8, 9, 10, 11, 12, 14, 15, 16, 17, 18, 19, 20, 21, 22, 23, 24, 25, 26, 27, 29, 30, 32, 33, 34, 35, 37, 39, 40, 41, 42, 43, 44, 45, 47, 48, 49, 50, 51, 52, 53, 54, 55, 56, 57, 58, 59, 60, 61, 62, 63, 64, 65, 66, 67, 68, 69, 71, 72, 73, 74, 75, 77, 78, 79, 80, 81, 82, 83, 84, 85, 87, 88, 89, 90, 91, 92, 93, 94, 95
0, 2, 3, 4, 5, 6, 7, 8, 9, 10, 11, 12, 13, 15, 16, 17, 18, 19, 21, 22, 23, 24, 25, 26, 28, 29, 30, 31, 32, 33, 34, 36, 37, 38, 39, 40, 41, 42, 43, 44, 46, 47, 48, 49, 50, 51, 52, 53, 54, 55, 56, 57, 58, 59, 60, 61, 62, 63, 64, 65, 66, 67, 68, 69, 70, 71, 74, 75, 76, 77, 78, 79, 81, 82, 83, 84, 88, 90, 91, 92, 93, 94
0, 1, 2, 4, 5, 6, 7, 8, 9, 10, 11, 12, 13, 14, 15, 16, 17, 19, 20, 21, 22, 23, 24, 25, 26, 27, 28, 29, 30, 31, 32, 33, 34, 36, 37, 39, 40, 41, 42, 44, 45, 46, 47, 48, 49, 50, 51, 52, 53, 54, 55, 56, 57, 58, 59, 60, 61, 62, 63, 64, 65, 66, 67, 68, 71, 72, 73, 74, 76, 77, 78, 79, 80, 81, 83, 85, 86, 87, 88, 89, 90, 92, 93, 94, 95
0, 60, 74, 89
15, 21, 47, 76
0, 1, 2, 3, 4, 6, 7, 8, 9, 10, 11, 12, 13, 14, 15, 16, 17, 18, 19, 20, 21, 22, 23, 24, 25, 26, 27, 28, 29, 30, 31, 32, 35, 36, 37, 38, 39, 41, 42, 43, 44, 45, 46, 48, 49, 50, 51, 52, 53, 54, 56, 57, 58, 59, 60, 62, 63, 64, 65, 66, 67, 68, 70, 71, 72, 74, 75, 76, 77, 78, 79, 80, 81, 82, 83, 84, 85, 86, 87, 88, 89, 90, 91, 92, 93, 94, 95
0, 4, 6, 8, 13, 17, 18, 21, 28, 29, 30, 32, 37, 44, 46, 47, 50, 56, 57, 58, 62, 64, 65, 66, 71, 75, 77, 79, 80, 85, 88, 89, 94
0, 1, 2, 4, 6, 7, 8, 9, 10, 12, 13, 14, 15, 16, 17, 18, 19, 20, 21, 22, 23, 24, 25, 26, 27, 28, 29, 30, 31, 32, 33, 35, 38, 39, 40, 41, 42, 43, 44, 45, 46, 47, 48, 49, 50, 51, 52, 53, 54, 56, 57, 58, 59, 61, 62, 63, 64, 65, 66, 67, 68, 69, 70, 71, 72, 73, 74, 76, 80, 81, 82, 84, 85, 87, 88, 89, 91, 92, 94, 95
0, 1, 4, 7, 18, 19, 24, 29, 31, 33, 36, 37, 40, 42, 46, 53, 59, 64, 67, 70, 80, 82, 94
0, 36, 46, 48, 50, 67, 70, 91, 95
0, 3, 15, 33, 34, 50, 54, 60, 61, 65, 67, 68, 72, 75, 86, 87, 88, 92, 93, 94
0, 4, 35, 94
0, 8, 13, 14, 17, 19, 21, 24, 28, 29, 31, 33, 36, 37, 41, 43, 45, 46, 47, 48, 49, 52, 53, 55, 56, 57, 58, 59, 62, 64, 67, 68, 70, 71, 74, 78, 81, 91, 94, 95
0, 2, 5, 29
0, 1, 2, 4, 5, 6, 7, 9, 10, 11, 12, 13, 14, 15, 16, 17, 18, 19, 20, 21, 22, 23, 24, 25, 26, 29, 30, 31, 32, 33, 34, 35, 36, 38, 39, 40, 41, 42, 43, 44, 45, 46, 48, 49, 50, 51, 52, 53, 54, 55, 56, 57, 58, 59, 60, 61, 62, 63, 64, 65, 66, 67, 68, 69, 70, 71, 72, 73, 74, 75, 76, 77, 78, 79, 80, 81, 82, 83, 84, 85, 86, 87, 88, 90, 91, 92, 93, 94, 95
0, 3, 4, 5, 6, 7, 8, 9, 10, 12, 14, 15, 16, 17, 18, 20, 21, 22, 23, 24, 25, 26, 27, 29, 31, 32, 33, 34, 35, 36, 37, 39, 40, 42, 43, 44, 45, 46, 47, 48, 50, 52, 53, 54, 55, 57, 58, 59, 60, 61, 62, 63, 65, 66, 67, 68, 69, 70, 71, 72, 73, 74, 76, 77, 78, 79, 82, 83, 84, 86, 87, 88, 89, 90, 92, 93, 94, 95
0, 1, 2, 4, 5, 7, 8, 9, 10, 11, 12, 13, 14, 16, 17, 18, 19, 20, 21, 22, 23, 24, 25, 26, 27, 28, 29, 30, 31, 32, 34, 35, 36, 37, 38, 39, 40, 41, 43, 44, 45, 46, 47, 48, 50, 51, 52, 53, 54, 55, 56, 57, 59, 60, 61, 62, 63, 64, 65, 66, 67, 68, 69, 70, 71, 72, 73, 74, 75, 76, 77, 78, 79, 80, 81, 82, 83, 84, 85, 86, 87, 88, 89, 90, 91, 92, 93, 94, 95
0, 2, 3, 5, 6, 7, 8, 9, 10, 12, 14, 15, 16, 17, 19, 20, 22, 23, 24, 25, 29, 30, 31, 34, 35, 38, 39, 40, 42, 43, 44, 46, 48, 49, 50, 52, 53, 54, 55, 56, 58, 61, 62, 64, 66, 67, 71, 72, 73, 74, 75, 77, 78, 79, 80, 81, 83, 87, 88, 89, 90, 91, 92, 94, 95
0, 1, 5, 6, 7, 9, 10, 12, 13, 19, 23, 24, 26, 27, 28, 31, 34, 35, 36, 37, 39, 43, 44, 48, 49, 53, 54, 57, 61, 64, 69, 70, 77, 83, 85, 87, 94, 95
0, 1, 2, 4, 8, 9, 10, 11, 12, 13, 14, 15, 16, 17, 18, 20, 21, 22, 23, 25, 26, 27, 28, 29, 30, 31, 32, 34, 36, 37, 38, 39, 40, 41, 42, 43, 44, 46, 47, 48, 49, 50, 51, 52, 53, 54, 55, 56, 58, 60, 62, 63, 64, 65, 66, 67, 68, 70, 71, 72, 73, 74, 75, 76, 77, 78, 80, 81, 82, 83, 84, 85, 86, 87, 89, 91, 92, 93, 94, 95
0, 1, 2, 3, 4, 5, 7, 8, 9, 10, 11, 12, 13, 14, 15, 16, 17, 18, 19, 20, 21, 22, 23, 24, 25, 26, 27, 28, 29, 30, 31, 32, 33, 34, 35, 36, 37, 38, 39, 40, 41, 44, 45, 46, 47, 48, 49, 50, 51, 52, 53, 54, 55, 56, 58, 59, 60, 61, 62, 63, 64, 65, 66, 67, 68, 69, 70, 71, 72, 73, 74, 75, 76, 77, 78, 79, 80, 81, 82, 83, 84, 85, 86, 87, 88, 89, 90, 91, 92, 93, 94, 95
0, 1, 6, 7, 9, 11, 12, 13, 14, 15, 16, 17, 18, 19, 20, 21, 24, 26, 27, 28, 29, 30, 31, 32, 33, 35, 36, 37, 39, 41, 42, 43, 44, 45, 46, 47, 48, 49, 50, 51, 52, 53, 54, 55, 56, 57, 58, 60, 61, 62, 63, 64, 65, 67, 68, 69, 70, 71, 72, 73, 76, 77, 78, 79, 80, 81, 82, 83, 84, 85, 86, 87, 88, 89, 91, 94, 95
0, 13, 16, 19, 45, 54, 61, 64
0, 4, 6, 7, 8, 9, 11, 12, 13, 15, 17, 19, 21, 24, 25, 26, 27, 29, 31, 35, 37, 39, 40, 42, 43, 44, 47, 48, 50, 53, 54, 55, 56, 57, 60, 61, 63, 68, 69, 70, 71, 74, 75, 78, 79, 80, 83, 85, 86, 87, 90, 91, 93, 94
0, 1, 4, 6, 7, 11, 12, 15, 16, 17, 22, 27, 28, 29, 30, 47, 48, 50, 52, 55, 56, 59, 61, 62, 63, 66, 67, 70, 75, 79, 81, 83, 86, 87, 88, 89, 90, 91, 92, 93, 94, 95
0, 3, 4, 7, 14, 15, 17, 18, 19, 20, 25, 26, 28, 29, 31, 33, 34, 35, 36, 38, 41, 42, 43, 44, 46, 47, 48, 50, 52, 53, 54, 56, 58, 60, 62, 63, 64, 65, 66, 69, 70, 71, 72, 73, 76, 79, 86, 88, 90, 93, 94
0, 1, 2, 3, 4, 5, 6, 7, 9, 10, 11, 12, 13, 14, 15, 16, 17, 18, 19, 20, 22, 23, 24, 25, 26, 27, 29, 30, 31, 32, 33, 34, 35, 36, 37, 38, 39, 40, 41, 42, 43, 44, 45, 46, 47, 48, 49, 51, 52, 53, 54, 55, 56, 57, 58, 60, 62, 63, 65, 66, 67, 68, 69, 70, 71, 73, 74, 75, 76, 77, 78, 79, 80, 81, 82, 83, 84, 85, 87, 88, 89, 90, 91, 92, 93, 95
0, 35, 56, 81
0, 15, 32, 33, 69
0, 6, 8, 46, 74
0, 1, 11, 19, 27, 44, 45, 60, 80, 88
0, 2, 4, 5, 6, 8, 9, 10, 13, 15, 16, 18, 19, 20, 21, 22, 23, 28, 29, 31, 33, 34, 35, 38, 40, 41, 42, 43, 44, 45, 46, 47, 48, 50, 51, 52, 53, 54, 55, 56, 57, 58, 59, 60, 62, 63, 65, 66, 67, 70, 71, 72, 74, 75, 77, 78, 79, 80, 81, 83, 84, 85, 86, 87, 88, 90, 91, 93, 95
0, 2, 4, 6, 8, 9, 10, 11, 12, 13, 14, 15, 16, 17, 18, 19, 21, 22, 26, 27, 28, 29, 30, 31, 32, 34, 35, 36, 37, 38, 40, 41, 42, 43, 44, 46, 48, 49, 50, 51, 52, 53, 54, 55, 56, 57, 58, 60, 63, 65, 66, 67, 69, 70, 71, 72, 73, 74, 75, 76, 77, 78, 80, 81, 82, 83, 84, 85, 86, 87, 88, 89, 90, 91, 92, 93, 94, 95
0, 13, 52, 70
15, 36, 45, 48
0, 11, 23, 39, 44, 60, 92
32, 54, 55, 56, 94
0, 1, 2, 5, 6, 7, 8, 9, 10, 11, 12, 14, 15, 16, 18, 19, 20, 21, 22, 23, 25, 26, 27, 29, 30, 32, 33, 34, 35, 37, 38, 39, 41, 42, 44, 47, 48, 49, 51, 52, 53, 60, 64, 65, 69, 70, 74, 75, 76, 77, 78, 79, 80, 81, 82, 87, 88, 89, 93, 95
0, 1, 2, 4, 5, 6, 7, 11, 12, 13, 14, 15, 17, 19, 23, 24, 25, 26, 27, 28, 30, 31, 32, 34, 36, 37, 38, 39, 40, 41, 42, 44, 46, 47, 50, 51, 52, 53, 54, 55, 58, 60, 61, 62, 63, 64, 65, 66, 67, 68, 69, 70, 71, 73, 74, 75, 76, 77, 78, 79, 80, 82, 84, 88, 89, 92, 93, 94, 95
0, 4, 6, 7, 9, 10, 11, 12, 13, 14, 15, 16, 17, 18, 20, 21, 22, 23, 24, 30, 32, 34, 35, 37, 39, 42, 43, 45, 48, 49, 50, 52, 53, 54, 55, 56, 57, 58, 59, 60, 61, 62, 63, 65, 66, 67, 69, 71, 72, 74, 75, 77, 78, 79, 80, 81, 82, 84, 85, 86, 87, 88, 91, 94, 95
0, 5, 7, 8, 9, 10, 11, 16, 17, 18, 19, 21, 26, 27, 33, 39, 41, 42, 48, 51, 56, 57, 58, 60, 63, 66, 67, 68, 69, 76, 79, 81, 85, 87, 91, 92, 93, 94, 95
0, 1, 2, 4, 6, 8, 10, 11, 12, 14, 16, 17, 18, 19, 21, 22, 23, 27, 29, 30, 31, 33, 35, 39, 40, 41, 42, 45, 46, 48, 49, 50, 51, 53, 54, 55, 56, 57, 59, 60, 63, 64, 69, 70, 71, 72, 74, 75, 77, 78, 79, 81, 82, 83, 84, 85, 86, 87, 88, 91, 93, 94
0, 10, 14, 15, 16, 17, 22, 25, 26, 28, 29, 30, 31, 34, 35, 36, 39, 40, 46, 47, 49, 51, 53, 55, 56, 60, 61, 65, 69, 84, 86, 91, 92, 93
15, 42, 48, 65, 72, 95
0, 7, 36, 37, 49
0, 4, 12, 19, 24, 27, 30, 33, 35, 36, 40, 43, 48, 50, 52, 56, 60, 61, 68, 69, 71, 77, 79, 83, 93
0, 4, 9, 10, 11, 12, 13, 16, 20, 21, 24, 26, 27, 30, 32, 38, 40, 41, 43, 44, 46, 51, 56, 57, 58, 62, 63, 64, 65, 66, 67, 70, 71, 72, 75, 76, 77, 79, 81, 82, 85, 89, 90, 91, 92, 93, 94, 95
0, 55, 67, 68
0, 1, 3, 4, 5, 6, 8, 10, 11, 13, 14, 15, 16, 17, 18, 19, 22, 23, 24, 25, 26, 28, 30, 31, 32, 33, 34, 35, 36, 38, 39, 40, 41, 42, 43, 44, 45, 46, 48, 49, 51, 52, 53, 54, 55, 56, 57, 58, 59, 60, 63, 65, 66, 67, 68, 69, 70, 71, 72, 74, 75, 76, 77, 78, 79, 80, 81, 83, 84, 85, 86, 87, 88, 90, 91, 92, 93, 95
6, 42, 47, 56, 70, 76, 78, 95
0, 19, 20, 25, 29, 36, 38, 41, 45, 57, 65, 84, 87
0, 8, 10, 11, 26, 29, 30, 38, 43, 49, 52, 53, 54, 55, 57, 63, 64, 66, 67, 73, 77, 80, 83, 86, 87, 93
0, 4, 24, 26, 37, 41, 45, 48, 59, 71, 77, 78, 92, 95
0, 1, 2, 4, 7, 8, 9, 10, 12, 13, 15, 16, 17, 18, 20, 21, 23, 24, 26, 28, 29, 30, 31, 34, 35, 37, 39, 40, 41, 43, 44, 47, 48, 50, 52, 54, 57, 58, 59, 61, 62, 63, 65, 66, 69, 71, 72, 76, 77, 78, 79, 81, 83, 84, 85, 88, 89, 90, 93, 94, 95
0, 2, 4, 10, 14, 18, 22, 24, 26, 29, 45, 47, 53, 54, 56, 57, 63, 66, 70, 80, 81, 85, 92, 94
0, 1, 3, 5, 6, 8, 10, 12, 13, 15, 19, 20, 22, 23, 25, 28, 29, 30, 31, 32, 36, 37, 42, 46, 47, 48, 50, 51, 52, 55, 56, 57, 58, 59, 60, 61, 62, 63, 64, 65, 66, 68, 70, 71, 74, 75, 77, 82, 85, 86, 91, 92, 94, 95
0, 44, 45, 87
0, 2, 6, 11, 18, 31, 41, 53, 54, 57, 58, 82, 92
15, 55, 65, 78
0, 2, 3, 4, 5, 6, 7, 8, 9, 10, 11, 12, 13, 14, 15, 16, 17, 18, 19, 20, 21, 22, 23, 24, 25, 27, 28, 29, 30, 31, 32, 33, 34, 35, 36, 38, 39, 40, 41, 43, 44, 45, 46, 47, 48, 49, 50, 51, 52, 54, 55, 56, 57, 59, 60, 61, 62, 63, 64, 65, 66, 67, 68, 69, 70, 71, 72, 73, 74, 75, 76, 77, 78, 79, 80, 81, 82, 83, 85, 86, 87, 88, 90, 91, 92, 93, 94, 95
0, 9, 14, 35, 52
0, 2, 3, 6, 7, 8, 9, 10, 12, 13, 15, 16, 17, 20, 21, 22, 23, 24, 25, 26, 30, 31, 32, 33, 35, 36, 37, 40, 41, 43, 44, 45, 46, 48, 49, 50, 51, 52, 54, 55, 56, 57, 58, 59, 61, 62, 63, 64, 65, 66, 67, 69, 70, 71, 72, 73, 74, 76, 77, 78, 79, 81, 83, 84, 85, 86, 87, 88, 89, 90, 92, 93, 94, 95
0, 3, 4, 5, 6, 7, 8, 9, 10, 12, 13, 14, 15, 17, 18, 19, 20, 21, 22, 23, 24, 25, 26, 27, 28, 29, 30, 31, 32, 34, 35, 36, 37, 38, 40, 41, 42, 43, 44, 45, 46, 47, 48, 49, 51, 52, 54, 55, 56, 57, 58, 60, 61, 62, 63, 64, 65, 66, 67, 69, 70, 71, 72, 73, 74, 75, 77, 78, 79, 80, 81, 82, 83, 85, 86, 87, 88, 89, 91, 92, 93, 94, 95
0, 29, 31, 64
15, 35, 36, 91
0, 1, 2, 3, 4, 5, 6, 7, 8, 9, 10, 11, 12, 13, 14, 15, 17, 18, 19, 20, 21, 22, 24, 25, 26, 27, 29, 30, 31, 32, 33, 34, 36, 38, 39, 40, 41, 42, 43, 46, 49, 50, 51, 52, 53, 54, 55, 57, 58, 60, 61, 62, 63, 64, 65, 66, 67, 68, 69, 71, 72, 73, 74, 75, 76, 78, 79, 80, 81, 83, 84, 85, 86, 87, 88, 89, 90, 93, 94, 95
0, 3, 34, 40, 41, 43, 55, 76, 77, 87, 93
0, 9, 19, 20, 21, 22, 23, 26, 30, 33, 34, 37, 40, 41, 42, 43, 46, 52, 54, 57, 58, 63, 66, 68, 70, 71, 80
0, 1, 2, 3, 4, 6, 8, 10, 13, 14, 17, 18, 21, 28, 34, 36, 38, 39, 40, 41, 46, 47, 48, 50, 51, 53, 54, 57, 58, 62, 63, 64, 67, 68, 69, 70, 77, 78, 81, 83, 85, 88, 91, 92, 94
0, 1, 4, 7, 8, 9, 10, 14, 15, 20, 21, 24, 28, 29, 30, 31, 35, 36, 38, 40, 41, 43, 44, 45, 46, 47, 48, 50, 51, 52, 54, 56, 57, 58, 59, 60, 62, 63, 65, 68, 70, 71, 72, 73, 75, 76, 77, 78, 79, 80, 81, 82, 83, 84, 85, 86, 87, 88, 90, 91, 92, 93, 94, 95
0, 1, 2, 3, 4, 5, 6, 7, 8, 9, 10, 11, 12, 14, 15, 16, 17, 18, 20, 21, 22, 23, 24, 25, 26, 27, 28, 29, 30, 31, 32, 33, 34, 35, 36, 37, 38, 39, 41, 42, 43, 44, 45, 46, 47, 48, 49, 50, 51, 52, 53, 54, 55, 56, 57, 58, 59, 60, 61, 62, 63, 64, 65, 66, 67, 68, 69, 70, 71, 73, 74, 75, 76, 77, 78, 79, 80, 81, 82, 83, 84, 85, 86, 87, 88, 89, 90, 91, 93, 94, 95
0, 1, 2, 3, 4, 5, 6, 7, 8, 9, 10, 11, 12, 13, 14, 15, 16, 17, 18, 19, 20, 21, 22, 23, 24, 25, 26, 27, 28, 29, 30, 31, 32, 33, 35, 36, 37, 38, 40, 41, 42, 44, 45, 46, 47, 48, 50, 51, 52, 53, 54, 55, 56, 57, 58, 59, 60, 61, 62, 63, 64, 65, 66, 67, 68, 69, 70, 73, 74, 75, 77, 78, 79, 80, 81, 82, 83, 84, 85, 86, 87, 88, 89, 90, 91, 92, 93, 94, 95
0, 1, 2, 4, 5, 6, 7, 8, 9, 10, 11, 12, 13, 14, 15, 16, 17, 18, 20, 21, 22, 23, 24, 25, 27, 28, 29, 30, 34, 35, 36, 37, 38, 39, 40, 41, 43, 44, 45, 46, 47, 48, 49, 50, 51, 52, 53, 54, 55, 56, 57, 58, 59, 61, 62, 63, 64, 65, 66, 67, 68, 69, 70, 71, 72, 73, 74, 75, 76, 77, 78, 79, 80, 81, 82, 84, 86, 87, 88, 90, 91, 92, 93, 94, 95
15, 60, 67, 85
0, 1, 3, 5, 6, 7, 9, 17, 19, 22, 24, 26, 27, 28, 29, 31, 34, 36, 39, 40, 41, 44, 45, 46, 47, 48, 52, 55, 57, 58, 59, 62, 64, 68, 69, 70, 71, 72, 74, 76, 78, 79, 80, 81, 82, 84, 85, 86, 89, 90, 91, 93, 95
2, 6, 61, 74, 77, 89
0, 4, 9, 12, 14, 15, 17, 19, 21, 22, 23, 24, 26, 28, 31, 35, 40, 41, 43, 44, 50, 51, 54, 55, 57, 62, 63, 65, 67, 76, 78, 79, 81, 87, 90, 91, 93, 94
0, 1, 3, 4, 6, 7, 8, 9, 10, 11, 12, 13, 14, 15, 17, 19, 20, 21, 23, 24, 27, 28, 29, 30, 31, 32, 37, 38, 39, 40, 41, 42, 44, 45, 48, 50, 51, 52, 53, 54, 55, 56, 57, 58, 59, 60, 62, 63, 64, 65, 66, 67, 69, 70, 71, 72, 74, 75, 77, 78, 79, 80, 81, 83, 86, 87, 90, 91, 93, 94
0, 1, 2, 3, 4, 6, 9, 10, 11, 12, 13, 15, 16, 17, 19, 20, 21, 22, 23, 26, 27, 28, 30, 31, 33, 36, 37, 39, 41, 42, 43, 44, 47, 48, 49, 51, 52, 53, 54, 56, 57, 58, 59, 60, 62, 63, 64, 65, 66, 67, 68, 69, 70, 71, 72, 73, 74, 75, 76, 77, 78, 79, 80, 81, 84, 85, 87, 88, 90, 91, 92, 93, 94, 95
0, 5, 6, 13, 14, 16, 23, 24, 29, 32, 33, 34, 35, 37, 41, 42, 44, 47, 50, 53, 56, 57, 58, 59, 62, 63, 64, 66, 69, 72, 74, 84, 88, 90, 91, 93, 94
15, 17, 55, 87
0, 4, 5, 6, 9, 23, 27, 28, 30, 39, 42, 46, 47, 55, 57, 64, 84, 90
0, 14, 39, 61, 80, 82, 84
0, 13, 15, 64
0, 2, 3, 4, 5, 6, 8, 9, 10, 11, 14, 15, 16, 17, 19, 20, 21, 23, 27, 28, 29, 31, 32, 33, 37, 38, 39, 40, 43, 44, 45, 46, 47, 48, 49, 50, 52, 53, 54, 56, 57, 58, 59, 60, 61, 64, 65, 67, 68, 70, 71, 72, 74, 76, 77, 78, 83, 85, 86, 88, 89, 90, 91, 93, 94, 95
0, 3, 10, 12, 13, 15, 16, 20, 25, 28, 30, 31, 32, 33, 37, 39, 42, 50, 53, 54, 57, 80, 81, 82, 85, 92
0, 5, 8, 9, 10, 13, 20, 24, 50, 53, 55, 57, 63, 64, 68, 77, 78, 80, 81, 87
