6, 20, 29, 34
22, 27, 41, 52, 61
6, 16, 19, 20, 29, 32, 59, 60, 65, 69, 77
6, 23, 48, 79, 84
39, 43, 73, 76
22, 52, 67, 73, 75, 83
39, 43, 46, 53, 78, 84, 90
22, 29, 40, 57, 74, 84
22, 23, 64, 83, 89
6, 9, 24, 25, 40, 50, 63, 68, 70, 73, 76, 81
6, 8, 11, 70
6, 13, 36, 40, 46, 62, 64, 73, 77, 79, 91
22, 24, 35, 48, 82, 86
6, 9, 63, 67, 82
6, 9, 37, 46, 57, 63
6, 10, 31, 37, 42
50, 57, 90, 92
6, 14, 59, 82
22, 31, 36, 45, 75, 87
22, 25, 43, 67
6, 17, 41, 90
6, 16, 20, 29, 32, 49, 59, 69, 77
6, 7, 22, 32, 60, 65, 79, 89
6, 42, 89, 91
6, 53, 61, 90
6, 16, 61, 79
22, 44, 68, 95
6, 12, 42, 45, 50, 58, 68, 79, 91, 95
6, 22, 24, 33, 40, 75, 95
6, 7, 16, 19, 28, 36, 37, 38, 43, 45, 48, 53, 54, 61, 73, 78, 79, 81, 84, 88, 91, 94
6, 41, 54, 55, 68, 70, 86
6, 9, 24, 25, 40, 50, 63, 68, 70, 73, 76, 81
22, 26, 29, 30
22, 42, 69, 89
22, 32, 46, 58, 88
6, 23, 28, 34, 40, 47, 48, 89
6, 10, 12, 13, 17, 18, 25, 31, 33, 34, 39, 55, 57, 67, 69, 89, 92, 94
6, 8, 28, 53
6, 10, 23, 27, 30, 39, 53, 60, 62, 72, 80, 94
22, 47, 59, 75
39, 55, 62, 73, 79, 87
6, 53, 69, 82, 92
6, 9, 18, 38, 70, 75
6, 24, 66, 67
6, 10, 31, 37, 71, 73, 91
22, 25, 42, 94
6, 14, 22, 26, 29
22, 36, 69, 80
6, 50, 62, 65, 70
6, 15, 19, 22, 24, 31, 39, 49, 56, 58, 69, 75, 83, 84, 89
22, 27, 28, 29, 38, 40, 53, 59, 74, 88
22, 29, 64, 74
22, 26, 32, 58, 60
39, 55, 88, 89
6, 19, 27, 32, 35, 38, 39, 40, 42, 46, 48, 60, 66, 70, 75, 81, 82, 94
22, 41, 52, 61
6, 47, 68, 74
6, 19, 21, 23
6, 20, 26, 31, 36, 48, 60, 65, 69, 77, 93
6, 74, 77, 82, 92
31, 37, 39, 62, 71, 89
22, 23, 64, 83
6, 41, 71, 72, 82, 94
6, 52, 74, 86
22, 47, 62, 68
6, 45, 50, 73, 77, 88
6, 8, 29, 60, 62, 80
6, 15, 17, 36, 37, 52, 55, 58, 60, 67, 77, 93
29, 33, 34, 54, 62, 70
6, 13, 22, 39, 55
1, 9, 13, 29, 32, 39, 48
40, 60, 64, 77
6, 44, 89, 91
6, 35, 59, 92, 94
6, 19, 34, 38, 56, 60, 69, 92
6, 7, 15, 18, 21, 41, 52, 73, 76
22, 36, 69, 80
6, 18, 24, 44, 80, 95
6, 39, 61, 68
22, 32, 73, 74, 81, 89
22, 29, 39, 79
22, 35, 87, 95
22, 48, 58, 61
22, 35, 69, 78
6, 37, 74, 87, 95
6, 47, 48, 63
22, 26, 35, 37, 74, 75, 80, 95
6, 55, 70, 78
6, 24, 31, 42, 44
40, 46, 50, 52, 76
6, 11, 13, 49, 77
6, 31, 64, 72, 91
6, 47, 66, 68, 80
6, 25, 52, 78
40, 46, 56, 64, 66, 68
6, 29, 47, 48, 74, 83, 86
6, 30, 55, 93
22, 38, 84, 89, 93
40, 54, 60, 61, 82
6, 30, 31, 33, 53, 69
6, 10, 63, 65
22, 39, 49, 54, 60
22, 31, 62, 83
18, 34, 43, 78, 81
15, 49, 50, 56
6, 9, 10, 52, 63, 64, 70
5, 9, 18, 29, 32, 33, 36, 46, 66, 67, 68, 69, 72, 77, 80, 81, 94
6, 86, 89, 91
6, 16, 35, 43, 81, 83, 90
6, 36, 47, 55, 78, 90
6, 19, 22, 27, 40, 43, 47, 50, 72, 79, 80, 91, 94, 95
22, 74, 76, 88
6, 7, 19, 45, 47, 62, 66, 92
6, 9, 31, 79
40, 57, 64, 93
40, 64, 73, 90
22, 31, 52, 66, 89
6, 9, 44, 52, 54, 72
6, 7, 8, 14, 44, 46
6, 17, 30, 38, 42, 78, 83, 90
22, 37, 57, 74, 86, 87
6, 26, 40, 66
6, 86, 88, 91
6, 50, 62, 65, 70
6, 7, 32, 65, 79, 89
6, 28, 31, 38, 48, 59, 72, 82, 88
6, 17, 26, 27, 29, 45, 53, 69, 71, 78
22, 26, 29, 31, 39, 52, 54, 71, 75
6, 9, 11, 12, 14, 19, 30, 35, 53, 56, 61, 73, 88
6, 10, 13, 20, 24, 39, 48, 67, 83
6, 11, 36, 42, 70
6, 18, 30, 67, 82, 86
6, 14, 16, 22, 57, 72, 90
6, 20, 29, 37, 39, 48, 83
6, 11, 12, 22, 36, 56, 66, 72, 82
22, 42, 69, 89
6, 18, 24, 80, 95
40, 71, 77, 91
6, 32, 47, 52, 64, 69, 80
6, 17, 57, 86, 94
6, 28, 40, 53, 59, 64, 87
6, 9, 17, 18, 27, 28, 31, 41, 55, 58, 60, 61, 74, 76, 87, 91
22, 25, 43, 67
6, 18, 24, 44, 53, 63, 80, 91, 95
6, 13, 27, 42, 49, 50
6, 15, 25, 29, 32, 40, 77, 80, 92, 94
6, 27, 52, 55
40, 65, 78, 79, 81, 84
18, 43, 48, 86
6, 8, 14, 26, 32, 33, 35, 39, 45, 48, 49, 50, 53, 59, 62, 69, 75, 81, 83, 94
22, 53, 63, 65, 94
6, 10, 11, 13, 22, 24, 25, 26, 30, 32, 34, 35, 37, 39, 40, 43, 44, 45, 46, 47, 48, 52, 56, 59, 61, 66, 68, 70, 71, 73, 74, 75, 77, 79, 80, 81, 82, 87, 88, 89, 92, 94
6, 22, 43, 59, 81
6, 27, 36, 47, 56, 61, 69, 90
15, 30, 62, 66
6, 8, 84, 89
6, 24, 39, 86, 91, 92
6, 19, 73, 84
6, 20, 42, 43, 62, 68, 70, 87, 95
6, 13, 39, 41, 66, 85, 88
6, 21, 83, 87
6, 7, 8, 13, 30, 45, 64, 66, 68, 72, 74, 75, 88, 91
22, 23, 26, 29, 34, 55, 63, 68, 70, 71, 84, 91
40, 56, 65, 81
40, 53, 60, 70
22, 40, 44, 64, 71
6, 8, 10, 63
6, 7, 9, 10, 11, 12, 13, 15, 18, 22, 26, 28, 29, 33, 34, 37, 38, 39, 41, 42, 44, 51, 54, 56, 57, 60, 63, 64, 68, 69, 72, 73, 75, 76, 78, 79, 88, 89, 90, 91, 92, 93, 95
22, 47, 53, 68, 85
6, 42, 76, 78, 95
22, 25, 38, 42, 44
22, 25, 75, 95
6, 14, 34, 72
6, 47, 48, 63
6, 14, 20, 23, 29, 30, 33, 36, 45, 60, 68, 70, 71, 74, 78, 79, 84, 85, 89, 90, 91
6, 8, 9, 19, 27, 38, 40, 47, 50, 72, 79, 88, 91, 92, 94, 95
1, 31, 34, 42
40, 75, 77, 84
35, 47, 83, 94
6, 17, 18, 23, 52, 56
6, 14, 15, 21, 26, 41, 55, 68, 79, 84, 86
40, 60, 64, 77
40, 46, 56, 64, 66, 68
6, 14, 72, 74, 80, 81, 89
6, 11, 21, 71, 89
6, 9, 12, 13, 18, 24, 33, 35, 36, 41, 52, 54, 55, 57, 62, 63, 64, 69, 70, 74, 77, 79, 87, 89
6, 27, 30, 34, 35, 53, 56, 66, 81, 93
6, 11, 59, 60, 88
40, 72, 81, 83
6, 15, 25, 29, 32, 40, 53, 66, 77, 80, 81, 92, 94
6, 20, 71, 73, 87
6, 7, 18, 22, 33, 46, 47, 52, 56, 74, 89
22, 23, 38, 43, 75, 90, 91
6, 11, 13, 14, 16, 17, 20, 21, 23, 30, 31, 36, 44, 50, 51, 53, 54, 56, 58, 59, 61, 62, 64, 68, 72, 73, 74, 75, 77, 79, 85, 86, 88, 89, 90, 92, 94, 95
22, 53, 72, 73
40, 48, 50, 82, 86
6, 8, 39, 47, 48, 50, 69, 74, 81, 84, 86, 90, 91, 95
6, 25, 29, 32, 40, 46, 52, 85, 91, 95
7, 15, 20, 51, 55
22, 30, 32, 64
7, 28, 73, 92
7, 36, 53, 56, 61, 74, 78
22, 60, 63, 80
7, 82, 87, 93
7, 46, 49, 59, 66, 67
22, 39, 61, 66, 67, 68, 75, 77, 94
7, 15, 19, 32, 40, 47, 60, 78, 81, 82, 89
7, 14, 27, 57, 72, 75
50, 57, 90, 92
22, 60, 61, 77, 88, 89
22, 42, 53, 80, 94
22, 64, 83, 88
22, 73, 89, 94
7, 53, 70, 85
22, 26, 30, 31, 35, 50, 53, 66, 68
7, 16, 20, 78
7, 10, 34, 35, 37, 42, 53
22, 25, 38, 42, 44, 89
7, 39, 44, 53, 56, 58, 64, 86
15, 26, 40, 86
7, 24, 83, 93
7, 31, 65, 93
7, 12, 13, 19, 32, 45, 79
7, 15, 27, 30
7, 17, 35, 60, 67, 74, 88, 92
40, 71, 77, 91
7, 29, 64, 90
7, 11, 31, 62, 88, 91, 93
22, 62, 72, 92
40, 46, 60, 74, 88, 89
7, 44, 59, 74
22, 27, 28, 29, 38, 40, 53, 59, 74
7, 27, 36, 86
22, 31, 62, 83
7, 14, 18, 64, 66, 70, 81, 88
22, 35, 52, 70
22, 61, 64, 71
7, 14, 15, 28, 33, 60, 66, 73, 82
7, 52, 74, 89
22, 27, 28, 55
7, 9, 11, 13, 19, 52, 61, 75, 80, 91
22, 56, 58, 59
7, 16, 33, 92
7, 40, 80, 89
7, 30, 37, 42, 65
1, 14, 33, 47, 53, 81
80, 93, 94, 95
7, 19, 46, 50, 73, 76, 94
7, 9, 25, 37, 48, 52, 55, 58, 66, 71, 78, 84, 92
20, 26, 31, 36, 60, 69
7, 39, 44, 53, 56, 58, 64, 86
7, 28, 46, 58, 77
7, 8, 32, 35, 60, 70, 88, 91
7, 17, 20, 23, 41, 49, 58, 61, 95
7, 34, 75, 86
7, 11, 21, 31, 45, 83, 89
22, 32, 73, 74, 89
22, 41, 44, 57, 79
22, 25, 33, 54, 78
7, 20, 37, 62, 85
7, 15, 22, 32, 47, 54, 55, 57, 59, 64, 72, 74, 76, 88, 91, 92
7, 17, 27, 39, 40, 44, 63, 80, 81, 93
22, 40, 53, 55, 61, 71, 74
40, 45, 52, 74
7, 17, 22, 61, 70, 71, 72, 89
7, 64, 68, 87
7, 20, 42, 57
7, 18, 19, 23, 42, 44, 55, 60, 68, 78, 80, 81, 86, 88, 94
7, 9, 39, 54, 87, 95
7, 18, 20, 21, 40, 56, 61, 75, 76, 79
7, 15, 21, 23, 35, 48, 60, 65, 74, 85
7, 41, 44, 79
40, 45, 57, 59, 72
40, 83, 87, 89
7, 10, 39, 46
40, 42, 67, 93
7, 10, 14, 57, 80, 81, 90
7, 28, 65, 75
10, 43, 54, 71, 74
7, 21, 30, 72
7, 12, 16, 21, 29, 37, 52, 76, 81, 88, 94
7, 10, 12, 85
40, 46, 72, 73, 92
7, 10, 20, 75
7, 8, 34, 53
7, 14, 54, 63, 64, 68
7, 30, 54, 65
7, 14, 18, 64, 66, 81, 88
7, 13, 16, 52, 70, 73
40, 42, 55, 62
22, 52, 57, 61
22, 50, 55, 59, 65, 86
22, 33, 40, 81
7, 23, 30, 45
7, 16, 34, 37, 50, 67, 78, 81, 85
7, 29, 50, 54, 62, 66, 75, 76, 82, 87, 94, 95
7, 33, 49, 64
7, 46, 49, 59, 66
1, 7, 20, 21, 34, 36, 50, 57, 59, 62, 82, 84, 88, 91, 92
7, 12, 15, 19, 23, 27, 38, 50, 57, 66, 69, 78
7, 11, 20, 38, 74, 75
22, 35, 36, 52
7, 15, 16, 23, 52, 54, 58, 67, 79, 80
32, 41, 50, 62, 77, 87
22, 26, 37, 39, 73
7, 21, 27, 28, 29, 31, 45, 48, 82, 91
7, 31, 69, 80
40, 42, 70, 71
7, 36, 67, 77, 83
7, 9, 40, 43, 71
22, 30, 74, 91
7, 46, 53, 72, 95
22, 53, 93, 95
22, 30, 43, 49, 92
7, 19, 38, 39, 66, 75, 78, 83, 85
22, 27, 36, 52, 81
40, 48, 50, 82, 86
20, 38, 73, 87
23, 28, 52, 71, 85
20, 50, 68, 71
7, 9, 11, 13, 19, 52, 61, 75, 91
23, 44, 62, 92
23, 28, 52, 71
7, 25, 28, 38, 40, 78
23, 34, 35, 43, 45, 46, 60, 77, 91
7, 18, 19, 26, 37, 42, 45, 52, 65, 80
40, 42, 43, 60, 82
7, 84, 86, 94
40, 67, 75, 82
23, 31, 33, 76, 84
23, 26, 56, 57, 79, 80, 82, 86, 93
7, 8, 43, 84
7, 22, 71, 80
23, 37, 46, 85, 87
7, 55, 76, 90
51, 54, 64, 78
23, 32, 42, 46, 60, 61, 70
7, 24, 37, 38, 48, 63, 64, 79
23, 36, 41, 50, 55
7, 18, 42, 46, 83
32, 41, 43, 49, 77, 91
23, 44, 46, 47
23, 60, 66, 89
23, 27, 41, 45, 68, 70, 71, 79, 81
7, 12, 35, 54, 64, 86
7, 8, 54, 58, 74, 86
23, 27, 40, 43
23, 41, 48, 53, 60
40, 83, 87, 89
40, 44, 53, 88
23, 34, 40, 65, 87
7, 44, 59, 74
7, 36, 62, 85
23, 25, 42, 89
23, 54, 66, 81
7, 8, 22, 27, 64
40, 42, 63, 85
7, 54, 63, 64, 71, 82
23, 43, 51, 68, 85
23, 62, 69, 90, 91
23, 33, 75, 77
7, 16, 42, 68
7, 8, 27, 45, 90
23, 34, 35, 43, 45, 46, 60, 77, 91
40, 45, 47, 79, 90
7, 17, 28, 43, 64
7, 16, 70, 74, 90
23, 31, 50, 57
23, 31, 39, 46, 70
7, 8, 11, 65, 80, 82
23, 26, 33, 50, 82
7, 8, 29, 40, 47, 66, 70, 74, 85
23, 25, 26, 28, 49, 93
23, 53, 65, 70
7, 20, 26, 31, 58, 62, 89
7, 11, 36, 70, 71
7, 45, 79, 90
7, 17, 35, 60, 67, 74, 88, 92
7, 18, 19, 26, 37, 42, 45, 65, 80
7, 9, 14, 17, 21, 28, 29, 31, 40, 42, 43, 53, 54, 59, 65, 68, 74, 76, 89, 95
7, 18, 32, 33, 45, 55, 66, 79, 81
7, 15, 36, 46, 47, 52, 65, 68, 69, 73, 74, 84, 90, 95
32, 73, 80, 81, 92
23, 28, 55, 68
7, 30, 74, 86
7, 9, 24, 34, 37, 39, 40, 57, 58, 62, 69
7, 14, 15, 34, 52, 77
7, 40, 80, 89
7, 11, 21, 31, 45
7, 23, 31, 34, 78, 79, 88
7, 17, 43, 88
7, 21, 29, 37, 41, 52
7, 24, 28, 66, 86
23, 25, 29, 56
23, 35, 59, 70
23, 43, 69, 77
41, 52, 70, 73
7, 24, 31, 36, 41, 48, 54, 57, 64, 75
32, 38, 56, 78, 82
7, 9, 31, 62
23, 31, 41, 43, 53, 63, 64, 66, 95
23, 31, 53, 66, 74, 93, 94
7, 23, 25, 37, 59, 65, 66, 68, 82
7, 52, 74, 89
23, 52, 61, 89
23, 44, 47, 88
41, 42, 44, 72, 73
23, 31, 39, 46, 70
23, 25, 26, 35, 36, 40, 45, 80, 91
7, 12, 16, 21, 22, 42, 45, 53, 63, 66, 82
7, 27, 73, 81
7, 29, 42, 44, 50, 56, 73, 80, 95
23, 34, 38, 61, 66, 72, 74, 76, 81, 83, 95
23, 27, 41, 45, 68, 70, 71, 79, 81
23, 26, 73, 87, 88
