8, 30, 73, 76
8, 22, 58, 86
8, 42, 65, 78, 94, 95
8, 11, 28, 31, 32, 39, 48, 72, 91
8, 24, 29, 38
24, 37, 86, 95
8, 38, 56, 77
42, 74, 83, 89
24, 44, 48, 49, 60, 63, 70, 78, 79, 94
8, 33, 41, 45, 47, 58, 69, 80, 95
26, 31, 41, 88, 94
8, 66, 69, 94
8, 13, 19, 89
8, 29, 43, 69, 81
24, 32, 34, 56, 64, 68, 76, 90
42, 44, 62, 80
8, 46, 59, 64
8, 38, 56, 77
52, 72, 74, 80
42, 46, 50, 86, 89, 90
8, 13, 15, 38, 72
42, 70, 84, 85, 88
42, 56, 86, 90
24, 52, 54, 77
8, 34, 53, 86
24, 46, 50, 57
42, 55, 67, 77, 90
24, 45, 56, 61
8, 13, 16, 18, 21, 28, 45, 64, 83, 88, 90
8, 25, 70, 71
24, 46, 50, 56, 58, 70, 76, 77, 83, 88, 90
62, 81, 85, 93
8, 21, 55, 60, 61
24, 29, 50, 93
8, 10, 14, 16, 17, 26, 27, 38, 43, 47, 60, 61, 69, 80, 81, 83, 88, 91, 93, 94
38, 49, 50, 87
24, 25, 28, 41, 56
8, 9, 11, 15, 16, 20, 21, 23, 25, 26, 34, 36, 38, 42, 54, 57, 74, 76, 81, 83, 87, 88, 91
8, 15, 21, 36, 92
29, 30, 35, 60, 68, 87
24, 42, 45, 73
24, 71, 77, 79
42, 48, 56, 71
42, 62, 86, 90, 95
8, 14, 26, 29, 40, 59
8, 11, 21, 29, 37, 64
8, 12, 33, 44, 45, 48, 58, 60, 71, 76, 78, 85
34, 58, 68, 80
24, 47, 59, 76
8, 10, 42, 44, 50
8, 14, 29, 79, 80, 93
8, 46, 64, 72
24, 29, 52, 65, 78
8, 9, 14, 29, 35, 39, 46, 83
8, 18, 38, 46
8, 59, 63, 82, 92
42, 46, 63, 73, 82
8, 15, 21, 69, 75
24, 42, 74, 85
42, 43, 44, 49, 62, 65, 71
8, 13, 26, 41, 42, 69, 76, 83, 89
8, 24, 27, 40, 44
8, 63, 72, 80
8, 12, 13, 21, 23, 25, 32, 53, 66, 75, 91
24, 39, 70, 81, 95
8, 40, 45, 54, 66, 83
8, 16, 44, 47, 59, 64
24, 48, 55, 59, 74, 79, 94
8, 16, 19, 35, 57, 59, 82, 84
24, 42, 74, 85
42, 70, 79, 85
8, 11, 17, 21, 70, 84, 86
21, 30, 84, 90
8, 22, 32, 50, 88
8, 10, 12, 13, 14, 15, 16, 18, 19, 20, 23, 24, 27, 28, 29, 31, 34, 35, 37, 38, 40, 41, 42, 43, 44, 46, 47, 48, 50, 51, 52, 54, 57, 60, 61, 66, 68, 69, 71, 73, 75, 77, 81, 82, 85, 90, 93, 95
8, 24, 25, 65
8, 17, 23, 59, 61
24, 58, 66, 82
8, 14, 16, 21, 28, 31, 40, 45, 52, 66, 73, 76, 92
8, 12, 13, 17, 18, 23, 29, 32, 42, 49, 51, 59, 65, 76, 91
29, 37, 38, 41, 62, 80, 85
8, 13, 23, 33, 46, 52, 69
8, 53, 58, 80, 87
42, 65, 85, 93
8, 14, 39, 52, 59, 65, 75, 84, 92, 95
24, 44, 55, 60
9, 13, 61, 71
24, 25, 31, 34, 93
24, 67, 74, 79, 90
9, 21, 39, 56, 78
9, 30, 38, 63, 83
9, 14, 28, 59, 69
24, 41, 43, 54, 63, 92
9, 12, 13, 34, 49, 53, 59, 80
3, 8, 18, 24, 32, 57, 87
44, 61, 74, 87
24, 28, 66, 69, 77
24, 25, 27, 44, 63, 66, 69, 74, 75, 77, 82, 87, 93
9, 10, 14, 15, 21, 25, 30, 45, 49, 67, 68, 69, 76, 93
42, 65, 85, 93
9, 16, 34, 36, 66, 84, 91
24, 79, 80, 81
24, 38, 48, 66
9, 11, 20, 28, 34, 36, 52, 54, 67, 77, 80, 82, 86
9, 33, 66, 93
9, 41, 50, 73
9, 13, 27, 43, 75, 76
24, 35, 55, 56, 77, 90
18, 31, 37, 55, 73, 76
24, 48, 51, 53, 59, 74, 77, 85, 90
9, 10, 32, 92
9, 44, 47, 58, 59, 63, 66, 82, 85, 86
42, 73, 76, 94
42, 47, 56, 76, 95
9, 20, 21, 33, 66, 84, 87, 88, 93
9, 26, 36, 37, 48, 55, 57, 89, 90, 94
9, 12, 14, 18, 44, 70
42, 50, 52, 54, 57, 60, 70, 82, 89, 94
25, 27, 35, 62, 68
9, 59, 62, 66
25, 41, 56, 57
29, 53, 54, 66, 85, 89
9, 17, 18, 36, 44, 64, 71, 87, 89
25, 46, 48, 93
9, 26, 55, 75, 76, 83, 88, 95
25, 26, 57, 86
9, 11, 17, 18, 54, 77
9, 16, 25, 32, 36, 55, 66, 75
9, 10, 19, 28, 36, 41, 47, 64
9, 27, 28, 44
9, 24, 61, 74
25, 66, 73, 89
42, 68, 70, 80
9, 20, 30, 95
9, 11, 17, 24, 26, 32, 55, 59, 80, 91
9, 10, 18, 25, 32, 38, 50, 52, 59, 64, 68, 72, 73, 81, 82, 84, 85
9, 35, 41, 42, 58, 86
9, 17, 20, 30, 38, 46, 58, 67, 70, 88, 94
9, 16, 25, 91
9, 19, 30, 38, 52, 95
42, 59, 60, 78
14, 23, 29, 88
15, 26, 32, 40, 71, 86
42, 63, 72, 90
9, 27, 30, 42, 48, 49
9, 10, 26, 49, 85
42, 72, 83, 88
35, 37, 41, 42, 68
63, 78, 80, 85, 88
42, 43, 61, 73
25, 55, 64, 65, 76, 83
25, 52, 57, 80
9, 14, 72, 82
25, 47, 69, 76, 83
63, 68, 76, 83
9, 15, 36, 37, 53, 79, 82, 90
63, 66, 67, 92
35, 42, 67, 91
25, 63, 71, 74
9, 21, 39, 56, 78
25, 40, 42, 67, 93
9, 10, 11, 26, 29, 41, 42, 56, 73, 86, 93
9, 31, 49, 62, 77
9, 59, 80, 90
9, 14, 33, 48
9, 20, 27, 29, 70, 74, 81, 92
9, 16, 17, 28, 41, 50, 63, 67, 82, 92, 95
43, 54, 88, 90
18, 23, 52, 54
43, 52, 77, 87, 92
25, 72, 86, 89
9, 24, 67, 68
9, 10, 32, 92
25, 54, 58, 63, 75, 81
43, 45, 62, 75
9, 17, 24, 48, 83, 94
9, 29, 50, 62, 66, 82, 88
43, 44, 47, 76
9, 30, 35, 45, 75, 80, 86, 88
25, 40, 52, 62, 63
9, 26, 46, 47, 48, 59, 66
43, 48, 80, 87, 91
25, 38, 40, 55
25, 55, 65, 68, 79, 82
9, 27, 53, 74
9, 13, 25, 26
9, 23, 25, 55, 64
55, 58, 77, 78, 87, 92
25, 31, 53, 64
15, 31, 62, 84, 90, 91
25, 32, 40, 69, 78
9, 21, 43, 55, 67
25, 89, 90, 95
9, 15, 19, 48, 62, 69, 82, 85
9, 29, 42, 49, 59, 92
9, 37, 42, 56, 90
25, 50, 67, 75
35, 42, 47, 67, 77
9, 29, 43, 45, 85
9, 28, 41, 42, 54, 63, 72, 84, 89, 91
43, 49, 55, 73, 83, 84
25, 59, 88, 91, 92
9, 29, 33, 56, 59, 81, 91
43, 45, 48, 59, 85
25, 45, 53, 70
9, 54, 57, 72, 87, 90
25, 34, 47, 85
25, 32, 45, 48, 63, 72, 73, 74, 93
25, 47, 69, 76, 83
9, 36, 39, 62, 70
25, 35, 69, 83
9, 33, 45, 55, 74
9, 10, 13, 14, 16, 18, 26, 29, 31, 37, 40, 42, 46, 52, 55, 71, 83, 84, 88, 91, 93
43, 45, 55, 77
9, 12, 30, 39, 56, 64, 69, 76, 90, 93
63, 64, 83, 90
9, 27, 30, 42, 48, 49
9, 18, 23, 31, 35, 64, 66, 73, 74, 77, 81, 87
25, 48, 61, 69
25, 44, 59, 90
9, 19, 20, 59
43, 63, 65, 94
43, 67, 80, 82, 87
9, 18, 37, 41, 54
9, 28, 36, 37, 39, 82
25, 28, 56, 83, 88, 89
9, 26, 48, 57
9, 25, 31, 34, 49, 64, 75, 87
9, 35, 62, 77
9, 22, 26, 58, 63, 66, 77, 85
9, 35, 43, 53, 64, 77, 83
9, 20, 22, 36, 43, 82
9, 62, 63, 77
9, 10, 49, 54
63, 74, 78, 82
9, 10, 14, 15, 21, 25, 30, 45, 49, 67, 68, 69, 76, 93
9, 61, 66, 93
9, 65, 73, 79
9, 53, 71, 76, 92
25, 55, 60, 64
9, 39, 43, 73, 76, 88, 90
25, 27, 40, 41
43, 54, 59, 75, 84, 94
25, 27, 29, 39
9, 10, 25, 45, 59
9, 24, 60, 77, 90
9, 28, 36, 54, 67, 77, 80, 86
25, 57, 62, 84
9, 43, 65, 76
9, 11, 14, 16, 30, 45, 58, 88
9, 14, 56, 73, 76
9, 68, 79, 81
43, 52, 85, 94
43, 45, 48, 59, 85
25, 34, 35, 67, 74, 93
9, 13, 21, 54, 78, 84
9, 14, 28, 59, 69
25, 57, 65, 69
9, 28, 45, 89
9, 35, 43, 53, 64, 77, 83
9, 10, 27, 54, 57, 66
9, 24, 34, 38, 44, 45, 58, 67, 70, 79, 84
25, 46, 49, 71
9, 47, 84, 89
25, 66, 80, 82, 93
9, 14, 16, 25, 43, 59, 82, 94
9, 23, 27, 28, 31, 48, 64, 66, 76, 79, 82, 87, 88, 92
9, 10, 26, 85
43, 52, 54, 61, 94
9, 30, 33, 37, 72, 90
43, 72, 85, 87
9, 54, 72, 87
9, 65, 69, 90
43, 55, 85, 93
9, 13, 31, 36, 50, 58, 70, 71, 74, 76, 80, 83, 88, 90, 93
9, 15, 29, 45, 47, 54, 68, 83
43, 51, 57, 82
9, 23, 28, 50, 67, 77, 80, 81, 95
9, 18, 25, 32, 38, 50, 52, 59, 64, 68, 72, 81, 84, 85
25, 39, 40, 47
9, 24, 61, 75
9, 11, 20, 28, 34, 36, 52, 54, 67, 77, 80, 82, 86
9, 12, 67, 73
35, 36, 49, 67, 75, 81, 90
9, 44, 59, 69, 70, 81, 85
9, 26, 43, 73, 82, 83, 84
9, 16, 37, 38, 49, 69, 90, 92
32, 42, 61, 70
9, 12, 25, 42, 79
9, 18, 36, 39, 57
9, 16, 17, 28, 41, 50, 63, 67, 82, 90, 92, 95
25, 38, 41, 48, 80, 94, 95
25, 66, 73, 89
9, 59, 81, 85
9, 12, 42, 47, 56, 72
9, 27, 79, 84
9, 25, 31, 34, 49, 64, 75, 87
9, 43, 61, 84, 90
25, 26, 79, 88
9, 37, 67, 93
9, 13, 34, 37, 56, 61, 89
9, 14, 34, 46, 49, 52, 57, 68, 75, 79, 87, 92, 93
43, 47, 69, 87
25, 39, 50, 58, 60, 69, 79, 88, 90, 91
25, 32, 40, 69, 78
9, 11, 18, 41, 47, 49, 50, 54, 56, 63
25, 52, 63, 77, 88, 91
25, 33, 61, 75
9, 18, 26, 29, 36, 69, 74, 84, 85, 94, 95
35, 42, 47, 72
43, 49, 55, 73, 83, 84
9, 16, 37, 38, 49, 69, 92
25, 73, 76, 86
43, 48, 49, 69, 73, 82
9, 14, 15, 25, 41, 77, 82
9, 25, 31, 43, 80
43, 69, 76, 82
9, 34, 39, 55, 62, 73, 79, 80, 87, 95
43, 77, 78, 88
9, 59, 77, 89, 93
9, 30, 39, 93
9, 25, 50, 86
25, 38, 50, 80, 94
25, 27, 62, 76
9, 10, 13, 17, 19, 25, 33, 39, 44, 48, 56, 69, 78, 79, 81, 92
9, 31, 46, 47, 54, 68, 82, 84, 89
9, 36, 38, 79
8, 42, 43, 44
9, 30, 35, 45, 75, 80, 88
9, 14, 25, 29, 62, 64, 84
43, 52, 56, 82, 85
9, 13, 35, 54
25, 26, 33, 56, 57, 63, 64, 84, 93
9, 11, 14, 16, 58, 88
9, 36, 71, 84
9, 28, 31, 79, 82, 88
9, 10, 69, 75
25, 48, 59, 71
9, 32, 49, 64
25, 72, 86, 89
9, 14, 54, 82
9, 11, 35, 51
25, 41, 48, 80, 94, 95
25, 67, 79, 81
9, 18, 19, 63, 71, 87, 94
9, 21, 40, 70
63, 74, 78, 82
9, 21, 28, 55, 57, 71, 78, 92
9, 34, 55, 92
9, 43, 64, 82
9, 33, 65, 68, 78, 89
25, 63, 71, 74
9, 62, 63, 77
63, 64, 89, 91
9, 35, 52, 92
25, 54, 67, 68, 81
35, 43, 59, 64, 68, 71, 75, 77, 91
9, 48, 50, 76, 82
25, 32, 41, 48, 54
9, 60, 66, 72, 82, 91
27, 38, 67, 78
25, 31, 35, 58, 59
25, 89, 90, 95
25, 36, 47, 90
9, 22, 26, 58, 66, 85
25, 36, 38, 40
9, 27, 28, 42, 74
9, 16, 39, 59, 93
63, 74, 83, 89
9, 12, 54, 92
9, 24, 39, 48, 56, 92
9, 19, 31, 41
9, 42, 43, 60, 81, 89
9, 15, 29, 45, 47, 54, 68, 83
9, 21, 28, 55, 57, 71, 78, 92
9, 15, 26, 63
9, 10, 26, 36, 79
9, 25, 33, 35, 40, 49, 60, 68
1, 3, 7, 10, 21, 23, 35, 39, 40, 41, 45, 55, 59, 68, 69, 74, 77, 79, 82, 84, 92
9, 21, 24, 54, 78, 84
9, 13, 26, 28, 30, 66, 70, 80
9, 34, 41, 64, 68, 74, 78, 89
9, 42, 43, 63
9, 14, 20, 31, 35, 38, 43, 56, 78, 84, 86
32, 36, 43, 52, 56
9, 10, 11, 29, 42, 56, 73
9, 20, 57, 65, 81, 88, 91
25, 33, 37, 45, 73
9, 16, 18, 21, 23, 24, 25, 28, 43, 45, 46, 48, 53, 63, 64, 66, 72, 76, 77, 82, 89, 90, 91, 94
42, 62, 73, 74
9, 18, 38, 48, 53, 57, 64, 74, 77
9, 11, 30, 41, 46, 52, 58, 62, 72, 75, 77, 78, 84, 95
9, 18, 24, 34, 45, 84
35, 39, 70, 92, 94
9, 13, 15, 16, 22, 26, 33, 39, 41, 50, 57, 69, 72, 77, 79, 84
9, 25, 31, 34, 49, 64, 75, 87
9, 13, 18, 19, 29, 31, 35, 36, 40, 42, 43, 45, 46, 48, 50, 51, 54, 58, 60, 61, 62, 63, 67, 68, 76, 88, 90, 95
9, 11, 17, 24, 26, 32, 55, 59, 80, 91
9, 30, 39, 93
25, 33, 37, 45, 73
25, 35, 54, 58, 67, 77, 84
9, 15, 74, 95
9, 16, 32, 38, 39, 47, 50, 62, 64
9, 14, 18, 19, 58, 65, 78
9, 41, 48, 58, 83
43, 53, 62, 87
9, 21, 88, 89, 94
9, 27, 36, 55, 65, 70, 93
64, 68, 71, 83
25, 26, 55, 61
25, 66, 73, 89
15, 39, 48, 59, 61, 63, 66, 74, 78, 87, 88, 91
25, 69, 70, 83, 94
25, 44, 68, 81, 89
9, 11, 13, 15, 17, 25, 30, 38, 44, 48, 50, 51, 52, 54, 56, 57, 60, 69, 72, 73, 74, 77, 84, 86, 87, 88, 89, 95
