64, 76, 89, 90
9, 42, 60, 81
9, 17, 24, 31, 38, 55, 56, 65, 73, 75, 95
43, 50, 65, 83
9, 53, 86, 90
9, 70, 89, 95
9, 10, 28, 29, 42, 63, 64
9, 32, 67, 68, 77, 94
25, 27, 37, 46, 89
9, 36, 55, 62, 66, 82, 86
43, 48, 66, 87
9, 52, 88, 89
25, 26, 42, 53
9, 49, 70, 89, 95
9, 47, 72, 77
9, 33, 56, 94, 95
26, 32, 40, 95
26, 32, 40, 95
26, 55, 71, 91, 94
26, 39, 90, 91
26, 50, 55, 57, 66
26, 33, 53, 57
9, 35, 48, 56
9, 28, 46, 47
9, 46, 54, 77, 92
48, 65, 87, 89
9, 18, 55, 88
9, 24, 61, 75
9, 35, 39, 85, 87
10, 26, 29, 34, 44
10, 21, 22, 23, 45, 54, 55, 60, 77, 81, 84, 94
10, 11, 65, 72
26, 50, 55, 57, 66
26, 45, 49, 62, 75, 83
10, 18, 25, 44
18, 55, 77, 86, 93
10, 26, 29, 34, 44
26, 35, 54, 59, 70, 74
10, 20, 21, 22, 27, 31, 32, 33, 35, 47, 48, 53, 55, 58, 59, 62, 66, 68, 70, 71, 78, 82, 85, 86, 90, 91, 93, 95
10, 48, 50, 65
10, 20, 29, 31, 41, 61, 65, 77, 78, 84, 89
52, 56, 64, 65, 80, 88
10, 12, 46, 55, 79
10, 11, 18, 28, 42, 49, 52, 65, 68, 70, 71, 89
10, 15, 44, 54, 65, 66
10, 12, 46, 55, 79
26, 32, 34, 52, 69, 72, 87
44, 46, 59, 65
44, 50, 62, 71
10, 20, 27, 33, 63, 81
26, 60, 63, 90
26, 41, 54, 67, 75
26, 38, 42, 91
10, 66, 72, 79
10, 38, 83, 91
26, 53, 60, 62
10, 23, 59, 93
10, 11, 59, 63, 83, 89
64, 76, 89, 90
10, 39, 46, 48, 65, 72, 76, 90
10, 12, 25, 27, 42, 65
10, 13, 14, 18, 19, 22, 28, 39, 42, 43, 46, 61, 62, 66, 78, 91, 93
10, 17, 33, 35, 37, 38, 44, 49, 62, 81, 87, 95
10, 15, 24, 28, 38, 65, 78, 86
10, 12, 15, 20, 30, 52, 54, 64, 67, 69, 76, 82, 92, 95
10, 26, 72, 77
26, 27, 48, 53, 60
10, 26, 53, 87
10, 17, 39, 67, 72
26, 52, 60, 69
10, 15, 52, 80, 90, 93
58, 74, 80, 91
10, 17, 34, 44, 50, 86, 93
10, 11, 25, 94
10, 14, 19, 22, 24, 29, 33, 39, 40, 49, 50, 56, 58, 61, 64, 65, 66, 70, 73, 74, 75, 83, 84, 85, 90, 94, 95
10, 14, 26, 29, 33, 52, 61, 68, 69, 73, 74, 81, 83, 95
10, 59, 84, 91
10, 40, 50, 81, 82, 92
10, 17, 25, 33, 37, 45, 66, 73, 87, 92, 94
10, 32, 45, 83, 86
44, 47, 49, 71
44, 45, 75, 85
10, 24, 30, 40, 58, 61, 74, 93
26, 54, 71, 77, 95
24, 60, 82, 93
10, 17, 22, 62, 73, 78
44, 60, 87, 92
10, 15, 23, 42
33, 40, 58, 88
10, 31, 34, 52, 68, 82
10, 29, 33, 37, 38, 41, 47, 62, 65, 80, 81, 85, 88
10, 21, 86, 88
27, 37, 39, 50, 91
26, 50, 74, 87
64, 77, 82, 92
44, 55, 85, 89, 93
10, 14, 16, 47
10, 33, 42, 69, 84
16, 30, 36, 78, 86, 92, 95
10, 21, 32, 66
10, 52, 78, 95
10, 31, 37, 55
10, 11, 65, 92
10, 21, 34, 45, 80, 81
8, 14, 26, 29, 40, 59
44, 67, 76, 79, 92
10, 18, 22, 48, 66, 77
10, 28, 30, 44, 50, 60, 70
10, 27, 59, 65, 67, 86, 90
52, 54, 60, 70, 89
10, 13, 14, 18, 19, 22, 28, 39, 42, 43, 46, 61, 62, 66, 78, 82, 91, 93
33, 35, 57, 92
26, 30, 49, 74, 91
44, 58, 59, 66, 82, 85
10, 14, 21, 33, 36, 43, 48
10, 26, 59, 68
44, 58, 64, 73, 80, 82
10, 14, 17, 24, 28, 37, 42, 43, 45, 46, 48, 54, 55, 58, 60, 61, 63, 64, 65, 67, 73, 80, 83, 84, 86, 87, 88, 91, 93
26, 31, 84, 85
26, 59, 64, 85
10, 15, 82, 87
10, 17, 33, 35, 37, 38, 44, 49, 62, 81, 87, 95
64, 76, 89, 90
10, 17, 22, 24, 36, 55, 80
10, 32, 61, 64, 82
10, 24, 28, 65, 66, 84, 95
10, 16, 23, 55, 86
10, 11, 59, 63, 83, 89
10, 16, 30, 69, 84, 87, 92
26, 47, 49, 90
10, 11, 20, 22, 26, 27, 32, 34, 50, 57, 60, 61, 62, 65, 66, 74, 77, 79, 80, 82, 92, 93
10, 15, 23, 42, 47
10, 28, 65, 79
26, 36, 44, 64
10, 27, 38, 60, 69, 90
10, 27, 40, 61, 69
10, 20, 50, 68, 85, 87
10, 19, 22, 57, 70, 75
10, 15, 44, 54, 65, 66
26, 39, 43, 76, 77, 90
26, 33, 42, 62, 73, 83, 84, 91
10, 24, 26, 75, 77
10, 13, 46, 59
16, 74, 89, 90
1, 11, 27, 37, 47, 57, 75, 77, 87, 93
10, 19, 43, 92
10, 14, 20, 41, 59, 63, 70
55, 57, 62, 72, 83, 87
10, 21, 28, 33, 39, 57, 62
10, 46, 61, 83
26, 34, 43, 89
10, 21, 26, 62
10, 17, 37, 50, 81, 82
10, 19, 20, 31, 36, 38, 41, 49, 64, 77, 87, 90
26, 27, 52, 53, 76, 95
1, 14, 26, 55, 81, 86
26, 27, 48, 53, 60
10, 11, 13, 17, 20, 21, 30, 32, 33, 38, 40, 44, 45, 46, 53, 65, 73, 86, 88, 93, 95
10, 59, 63, 64, 74
10, 13, 38, 93
10, 15, 25, 46
44, 48, 63, 89
10, 77, 80, 95
37, 39, 66, 81
10, 14, 22, 26, 33, 50, 76, 78
10, 30, 37, 53, 82
26, 52, 62, 89
10, 17, 19, 25, 39, 43, 65, 78, 83, 88
10, 59, 80, 86
26, 56, 60, 67
44, 55, 85, 89, 93
10, 38, 66, 87
10, 22, 26, 30, 59
26, 65, 67, 71
44, 45, 55, 73
10, 23, 24, 25, 44, 60, 64, 88
10, 22, 27, 81, 82
10, 11, 23, 25, 32, 39, 56, 62, 64, 69, 81, 91
10, 33, 53, 66, 69, 70, 80, 85, 95
10, 23, 33, 70
10, 14, 17, 21, 24, 25, 26, 32, 36, 41, 42, 46, 48, 58, 61, 65, 66, 67, 71, 77, 79, 84, 94
10, 74, 90, 95
14, 33, 45, 60
26, 27, 36, 60, 62, 83
10, 12, 13, 19, 20, 37, 80
10, 25, 29, 43, 55, 59, 90
33, 46, 66, 74, 80
10, 22, 48, 60, 65, 75, 81, 88, 95
33, 45, 56, 58, 71, 79, 85, 94
10, 55, 66, 71, 78
10, 14, 16, 48, 57, 78, 88
10, 11, 31, 57, 80
10, 29, 50, 63
10, 65, 69, 91
10, 38, 82, 83, 91
44, 59, 60, 70, 87
10, 31, 71, 91
10, 11, 13, 38, 65, 75, 77, 79
26, 35, 38, 62, 64, 90
10, 12, 31, 36, 43
10, 12, 16, 23, 38, 47, 48, 59, 62, 74, 84
26, 58, 78, 85
10, 20, 29, 61, 65, 78, 84, 89
10, 14, 16, 47
39, 41, 66, 92
10, 68, 74, 86
26, 43, 44, 89
26, 38, 50, 52, 81
10, 56, 58, 91
26, 28, 36, 59
10, 21, 34, 45, 80, 81
26, 34, 43, 89
10, 25, 54, 66
26, 41, 48, 90
10, 48, 50, 65
44, 45, 63, 76, 94
26, 41, 73, 80
26, 52, 55, 65, 85, 86, 89
10, 34, 69, 74
10, 21, 28, 36, 72, 76, 77, 86
10, 11, 13, 31, 32, 40, 42, 44, 45, 46, 47, 61, 65, 66, 67, 68, 77, 78, 81, 91, 94
10, 23, 25, 59, 93
64, 71, 74, 77
10, 23, 40, 47, 81
10, 72, 76, 90
44, 48, 63, 89
26, 54, 62, 75
10, 25, 94, 95
10, 11, 12, 21, 34, 35, 52, 59, 65, 66, 73, 75, 95
10, 13, 38, 93
10, 56, 65, 88, 94
10, 15, 23, 42, 47
10, 18, 24, 32, 55, 69
44, 50, 59, 72, 88
48, 63, 74, 75, 76, 87, 91
10, 15, 16, 26, 27, 39, 55, 58, 67, 77
10, 14, 30, 55, 62, 78, 81, 91
26, 35, 57, 58
10, 30, 54, 57, 77, 82
10, 84, 92, 94
10, 24, 28, 65, 66, 84, 95
10, 34, 49, 77
10, 15, 20, 30, 42, 64, 68, 80, 81
26, 29, 78, 92
10, 70, 80, 87
10, 14, 54, 84
26, 30, 32, 43, 63, 82, 91
10, 13, 28, 30, 74, 80
10, 12, 16, 23, 38, 47, 48, 59, 62, 74, 84
44, 50, 53, 57, 81, 86
10, 19, 28, 29, 38, 59, 68, 93
10, 38, 66, 87
5, 6, 35, 68
10, 16, 17, 18, 19, 30, 32, 41, 46, 48, 52, 54, 58, 59, 64, 68, 73, 75, 80, 84, 91
65, 67, 87, 92
10, 11, 16, 19, 26, 30, 42, 44, 53, 54, 57, 67, 68, 75, 78, 92
16, 37, 42, 47, 52, 91
10, 17, 50, 82
10, 25, 29, 43, 55, 59, 90
26, 30, 52, 57, 83, 84, 93
44, 60, 62, 65, 72, 73, 74, 77, 88
10, 18, 56, 80, 87
10, 21, 61, 75
10, 26, 47, 56, 82
26, 32, 38, 50, 56, 76, 78, 82
55, 56, 72, 79, 83
26, 50, 84, 93
10, 33, 42, 69, 84
44, 55, 59, 95
10, 19, 31, 88
26, 32, 54, 92, 93
26, 55, 64, 91
10, 11, 18, 28, 49, 52, 63, 65, 71, 89
26, 29, 44, 45, 75, 78
10, 16, 19, 34, 44, 47, 55, 56, 68, 70
44, 50, 59, 88
26, 31, 47, 79, 92
10, 48, 50, 65
10, 19, 26, 29, 49
44, 54, 78, 81
44, 45, 55, 83
44, 47, 56, 69, 77, 93
10, 16, 19, 34, 44, 47, 55, 56, 68, 70
10, 15, 16, 26, 27, 39, 55, 58, 67, 77
26, 31, 36, 52
10, 23, 24, 69
10, 43, 74, 80, 88
10, 14, 24, 46, 54, 55, 58, 64, 65, 86, 87, 88, 93
10, 59, 63, 64
44, 60, 70, 74
10, 36, 46, 52, 54, 61
10, 50, 68, 87
10, 13, 15, 18, 35, 43, 44, 45, 47, 86, 92
45, 59, 78, 85
27, 28, 41, 45, 64
27, 44, 59, 63, 68, 89
10, 56, 58, 91
10, 35, 46, 54
45, 57, 60, 68, 79
27, 46, 54, 61, 85, 89
10, 34, 35, 37, 45, 73
27, 42, 60, 78
10, 12, 17, 23, 37, 46, 58, 61, 63, 70, 88, 94
10, 50, 82, 92
10, 43, 74, 80, 88
10, 21, 55, 74, 92
10, 72, 89, 91
10, 17, 79, 89
10, 56, 75, 94
10, 16, 48, 57, 78, 88
10, 19, 22, 39, 50, 61, 64, 65, 66, 73, 74, 75, 95
10, 13, 46, 59
10, 12, 16, 19, 89, 93
10, 16, 23, 55, 86
45, 58, 62, 72, 83
10, 23, 25, 32, 39, 56, 62, 64, 81, 91
10, 55, 66, 71, 78
27, 34, 58, 65, 87, 95
27, 56, 72, 74
10, 12, 15, 52, 54, 67, 69
10, 15, 30, 68, 69
10, 31, 37, 71, 91
45, 66, 72, 88
10, 26, 42, 56
10, 14, 17, 24, 25, 32, 36, 41, 42, 48, 58, 65, 77, 84, 94
10, 26, 47, 56
10, 12, 20, 31, 80
10, 30, 49, 50, 65
10, 59, 68, 69
27, 34, 44, 95
10, 28, 35, 70
39, 46, 62, 70, 72, 74
10, 35, 41, 92
10, 15, 39, 55, 77
10, 19, 28, 29, 38, 68, 93
27, 33, 36, 47, 67, 70, 91
10, 17, 25, 26, 30, 41, 42, 48, 66, 67, 94
10, 43, 52, 79, 88
10, 20, 56, 75
10, 30, 38, 40, 43, 56, 65, 88
3, 18, 62, 77
52, 58, 71, 74
36, 45, 78, 79
10, 14, 16, 24, 30, 44, 72, 75, 81, 89
10, 11, 16, 20, 21, 22, 23, 31, 41, 42, 47, 51, 52, 55, 61, 65, 73, 75, 80, 88, 89, 90, 91
45, 49, 82, 88
27, 58, 61, 88
27, 67, 70, 82
10, 18, 59, 87
27, 34, 44, 65, 66, 73, 80
10, 53, 78, 86, 91
27, 31, 41, 58, 69
27, 46, 54, 61, 85, 89
10, 13, 14, 72
10, 18, 31, 72
10, 11, 28, 52, 65, 71, 89
10, 20, 56, 75, 94
27, 29, 47, 53, 71
45, 57, 60, 68, 79
27, 37, 46, 47, 55, 58, 95
11, 31, 78, 89
11, 12, 18, 25, 34, 41, 48, 49, 53, 64, 66, 74, 77, 84
11, 12, 44, 62, 78
11, 19, 69, 95
27, 70, 75, 92
45, 62, 76, 77, 79
45, 52, 84, 87
27, 31, 38, 65, 71, 93
11, 46, 61, 94
11, 12, 14, 21, 26, 32, 34, 39, 60, 70, 74, 81, 87, 89, 92
24, 25, 72, 88
27, 42, 66, 81
27, 44, 45, 64, 70, 79
45, 57, 62, 65, 72, 89, 93
11, 32, 72, 90
11, 16, 28, 38, 55, 63
11, 44, 71, 88
11, 37, 45, 55, 83, 94
11, 19, 24, 88
45, 59, 76, 77
27, 72, 83, 89
27, 48, 53, 63, 76
27, 39, 50, 52, 59, 92
11, 21, 23, 26
11, 14, 18, 26, 32, 35, 48, 52, 67, 68, 84
27, 30, 69, 82
11, 19, 40, 73, 86, 92
11, 33, 34, 44, 49, 52, 53, 63, 67, 72, 79, 90, 91, 94, 95
11, 12, 43, 91
11, 13, 21, 25, 31, 33, 37, 46, 54, 65, 67
27, 34, 65, 81
11, 24, 62, 86
11, 20, 31, 46
11, 27, 37, 47, 57, 75, 77, 87, 93
11, 19, 25, 56, 83
11, 29, 34, 54, 61
11, 20, 67, 77, 84
45, 46, 54, 94
27, 39, 45, 53, 54, 57, 70, 71, 85, 93
11, 31, 49, 66, 74, 80, 83
11, 58, 63, 74
11, 28, 58, 74
31, 45, 56, 74, 77, 89
33, 43, 55, 78
11, 14, 33, 52, 89
11, 14, 72, 82
11, 25, 60, 79
27, 29, 58, 59
45, 62, 76, 77
11, 27, 65, 75
11, 18, 64, 68
11, 25, 32, 42, 71, 77
11, 13, 31, 40, 66, 69
27, 28, 66, 67, 81, 90
45, 59, 68, 76, 77, 88
