3, 6, 10, 13, 14, 20, 23, 29, 35, 45, 50, 54, 59, 61, 67, 72, 74, 75, 84, 86, 90, 91, 95
3, 33, 35, 37, 47, 75
3, 6, 9, 10, 11, 13, 15, 28, 31, 32, 34, 38, 48, 52, 67, 70, 81, 84, 85, 88
3, 11, 16, 34, 44, 65, 78, 81
3, 23, 30, 48, 61, 62, 89
3, 36, 42, 59, 66, 69, 90
18, 22, 46, 67
3, 35, 42, 47, 67, 71, 72, 77
3, 22, 25, 27, 32, 35, 37, 41, 42, 44, 50, 56, 60, 65, 67, 71, 74, 78, 82, 83, 86, 89, 90
17, 30, 62, 71, 82
18, 35, 37, 56, 64, 69, 73, 80
3, 43, 56, 62
18, 26, 32, 66
3, 11, 79, 87
18, 42, 58, 81
3, 9, 10, 20, 23, 28, 31, 39, 44, 53, 55, 64, 65, 69, 71, 83, 91
3, 9, 22, 32, 82
3, 18, 23, 59, 82, 84
3, 16, 34, 44, 94
3, 19, 28, 31, 33, 36, 52, 64, 69
3, 8, 14, 22, 28, 39, 49, 53, 71, 91, 95
3, 4, 18, 24, 60, 76, 89
18, 27, 38, 52, 94
3, 17, 45, 47, 53, 60
18, 25, 58, 87
3, 6, 24, 88, 93
35, 40, 65, 67
50, 65, 67, 70
18, 61, 64, 67
3, 21, 41, 46, 47, 49, 55, 58, 67, 70, 77, 81, 82, 83, 87, 91, 94
35, 41, 59, 68, 91
18, 46, 55, 78
35, 37, 69, 95
40, 43, 61, 67
3, 54, 59, 76
18, 38, 45, 79
18, 26, 32, 81
3, 16, 37, 43, 45, 58
18, 19, 23, 32, 33, 36, 62, 65, 71, 78, 84, 89
3, 10, 11, 25, 35, 39
3, 5, 9, 17, 18, 23, 27, 34, 40, 42, 48, 50, 53, 57, 58, 59, 66, 67, 69, 74, 76, 80, 81, 86, 94, 95
3, 36, 43, 49, 53, 54, 65, 70
3, 6, 10, 15, 33, 34, 36, 38, 43, 44, 55, 58, 59, 60, 61, 64, 69, 72, 73, 75, 79, 93, 95
3, 32, 53, 54, 55
3, 9, 16, 53, 56, 71
3, 46, 55, 80, 95
3, 23, 32, 56, 95
3, 46, 75, 87
3, 33, 79, 93
18, 29, 63, 69, 80
3, 5, 33, 46
3, 4, 21, 48, 61
35, 55, 59, 76
3, 4, 18, 24, 40, 41, 60, 76, 89
18, 41, 60, 63, 66, 76
3, 75, 91, 93
35, 45, 82, 85
18, 20, 25, 32, 57, 74, 75, 86
18, 34, 43, 78, 81
3, 25, 41, 72, 80
3, 12, 36, 37, 38, 48, 54, 57
3, 4, 6, 8, 19, 20, 28, 39, 46, 52, 57, 65, 76, 78, 81, 85, 90, 93
3, 4, 6, 7, 18, 19, 21, 24, 27, 29, 32, 39, 41, 42, 43, 48, 51, 52, 53, 58, 59, 61, 62, 63, 65, 66, 70, 72, 73, 75, 78, 79, 81, 82, 84, 86, 87, 88, 90, 92, 94
3, 31, 39, 49, 86
3, 33, 73, 88, 95
3, 4, 9, 10, 15, 22, 34, 40, 43, 55, 57, 59, 70, 80
3, 24, 43, 44, 55, 59, 95
3, 5, 8, 13, 78
3, 8, 15, 23, 38, 45, 67, 88
3, 19, 31, 41, 77
18, 29, 68, 87
18, 30, 62, 63, 66, 82, 94
3, 24, 44, 61
35, 63, 90, 95
3, 28, 48, 77, 87, 93
3, 6, 26, 83
3, 19, 48, 76
3, 18, 39, 44, 50, 59, 72, 88, 95
3, 23, 46, 53, 75, 79, 94
3, 4, 20, 46, 65, 78
0, 3, 4, 27
35, 43, 78, 87
3, 4, 9, 17, 31, 43, 55, 70, 89, 94
18, 36, 41, 48, 55
18, 81, 88, 92
3, 4, 33, 90
55, 56, 72, 79, 83
3, 6, 16, 19, 32, 50, 62, 67, 69, 75, 82, 84, 89, 90
3, 20, 38, 87, 95
14, 17, 39, 52
3, 18, 58, 62, 77, 86
3, 16, 17, 26, 31, 34, 37, 42, 45, 46, 49, 56, 57, 58, 64, 67, 68, 73, 75, 82, 85, 91
18, 64, 71, 87, 89
3, 24, 74, 88
0, 2, 7, 84, 86, 95
3, 4, 6, 13, 27, 42, 45, 47, 54, 64, 68, 84, 85, 87, 88
35, 36, 50, 71, 92
3, 35, 81, 82
18, 27, 73, 78
18, 21, 53, 55, 79, 92
18, 39, 66, 77, 78, 83
34, 38, 42, 72, 85
35, 43, 47, 56, 74
3, 13, 15, 21, 25, 34, 52, 60, 63, 65, 70, 73, 79, 83, 86
3, 6, 16, 17, 18, 34, 39, 42, 45, 46, 49, 52, 59, 60, 63, 67, 85, 86, 94
18, 26, 64, 81
3, 48, 52, 54, 69, 86, 92, 93
3, 28, 35, 53, 90
35, 40, 86, 95
3, 56, 81, 95
18, 27, 85, 93
3, 12, 16, 60
3, 46, 50, 70, 73
3, 22, 33, 92
3, 9, 56, 71
3, 32, 63, 92
35, 38, 46, 62
3, 38, 48, 56, 76
3, 5, 8, 10, 15, 18, 20, 24, 29, 30, 33, 35, 39, 41, 43, 48, 50, 57, 59, 62, 63, 66, 67, 72, 81, 86, 88, 89, 91, 93, 94
3, 33, 48, 84
3, 35, 42, 47, 67, 71, 72, 77
3, 6, 8, 13, 26, 27, 29, 32, 38, 39, 42, 46, 51, 54, 56, 62, 65, 67, 72, 87, 88, 89, 91, 93
3, 19, 73, 93
3, 19, 28, 31, 36, 52, 64, 69
35, 47, 83, 94
2, 13, 39, 40, 55, 80
3, 54, 59, 76
3, 25, 27, 32, 37, 41, 42, 50, 56, 60, 65, 67, 74, 78, 82, 86, 89, 90
3, 14, 40, 81, 86
3, 77, 87, 93
3, 9, 10, 15, 34, 59, 70
3, 20, 24, 27, 29, 39, 40, 42, 48, 49, 53, 57, 58, 60, 62, 71, 81, 82, 84, 85, 90, 93, 94
3, 6, 7, 9, 10, 11, 14, 15, 17, 18, 20, 25, 28, 29, 30, 32, 38, 39, 40, 45, 46, 47, 49, 50, 51, 53, 54, 55, 56, 59, 60, 61, 63, 66, 68, 69, 71, 72, 76, 79, 83, 86, 87, 88, 89, 90, 92
3, 8, 28, 68, 72, 83
35, 37, 73, 74
70, 74, 79, 83
3, 26, 38, 64, 65, 70
25, 36, 66, 91
18, 24, 45, 54
18, 44, 50, 52, 60, 92, 93
3, 4, 5, 9, 12, 16, 17, 19, 21, 23, 24, 27, 31, 35, 36, 39, 41, 42, 43, 45, 46, 47, 48, 52, 53, 55, 56, 60, 61, 62, 64, 65, 66, 69, 74, 75, 78, 83, 85, 86, 88, 89, 94, 95
18, 20, 23, 27, 39, 61, 67, 73
36, 54, 55, 61, 62, 93
18, 31, 55, 73, 76
3, 6, 12, 14, 24, 33, 53, 55, 56, 57, 78
3, 28, 30, 84, 90, 94
3, 9, 11, 17, 27, 29, 34, 36, 39, 40, 60, 75, 88, 92
3, 4, 5, 6, 8, 10, 11, 12, 13, 17, 19, 20, 23, 24, 25, 27, 28, 32, 33, 36, 37, 39, 40, 41, 43, 44, 45, 46, 48, 50, 51, 52, 53, 54, 59, 61, 63, 65, 68, 70, 75, 76, 77, 80, 83, 84, 85, 87, 90, 91, 92, 93, 94, 95
36, 75, 83, 88
3, 18, 21, 23, 25, 29, 39, 41, 49, 57, 61, 63, 65, 72, 76, 79, 82, 85, 88, 89, 90
3, 36, 44, 47, 76, 80
18, 72, 76, 86
36, 38, 39, 66
3, 17, 25, 35, 64
3, 4, 7, 9, 11, 12, 13, 15, 17, 18, 20, 27, 29, 30, 31, 32, 33, 36, 38, 39, 40, 41, 44, 46, 47, 50, 52, 53, 56, 57, 63, 65, 66, 68, 70, 71, 75, 76, 77, 78, 80, 81, 82, 90, 95
3, 6, 65, 67, 68
55, 65, 66, 83
3, 8, 10, 11, 18, 19, 22, 25, 27, 30, 34, 36, 37, 38, 45, 46, 47, 49, 56, 62, 63, 67, 68, 70, 78, 85, 86, 88, 94, 95
3, 5, 54, 86
3, 46, 75, 87
3, 33, 35, 54, 69
36, 43, 55, 65, 94
3, 15, 18, 66
18, 23, 54, 76
3, 4, 6, 9, 11, 12, 14, 15, 16, 17, 18, 19, 23, 24, 25, 26, 27, 30, 31, 34, 35, 37, 40, 41, 42, 44, 48, 49, 50, 51, 53, 55, 56, 57, 58, 59, 61, 62, 63, 65, 67, 68, 69, 71, 72, 75, 76, 77, 78, 79, 80, 81, 82, 85, 87, 88, 92, 93, 94, 95
3, 4, 8, 10, 11, 12, 13, 15, 16, 19, 20, 21, 22, 23, 24, 25, 26, 27, 28, 29, 31, 34, 37, 38, 39, 40, 41, 42, 43, 44, 46, 47, 48, 49, 50, 51, 53, 54, 57, 58, 60, 61, 63, 64, 66, 67, 69, 70, 72, 73, 75, 77, 78, 80, 81, 82, 85, 87, 89, 90, 92, 93, 94, 95
3, 32, 53, 54
3, 4, 7, 10, 15, 39, 41, 47, 48, 50, 52, 67, 70, 90, 91, 95
3, 4, 7, 84
50, 69, 70, 77
3, 31, 35, 54, 63, 85, 89
49, 53, 62, 82, 87
36, 78, 79, 90
3, 40, 69, 88, 91
3, 24, 27, 44, 70, 73, 74, 75, 89, 90
3, 26, 35, 54, 69, 93
3, 30, 41, 54, 58, 64, 72, 81, 95
36, 45, 54, 57, 69
3, 18, 61, 76
3, 26, 30, 32, 39, 47, 55, 70, 71, 78, 88
75, 86, 91, 92
18, 64, 71, 87, 89
18, 52, 76, 79
55, 58, 77, 78, 87, 92
18, 40, 56, 71
18, 45, 66, 79, 81
18, 25, 27, 52
36, 47, 62, 72
3, 15, 24, 25, 31, 33, 44, 50, 51, 56, 63, 77, 79, 88
3, 4, 10, 12, 14, 17, 19, 21, 25, 26, 29, 31, 32, 34, 36, 37, 39, 42, 44, 54, 59, 60, 61, 65, 66, 67, 71, 73, 75, 76, 83, 88, 91, 95
3, 12, 21, 35, 47, 53, 59, 64, 70, 73, 75, 78
3, 19, 55, 87
36, 55, 56, 62, 66, 75, 82, 86
18, 30, 62, 63, 66, 94
3, 19, 28, 43
3, 28, 30, 52
3, 27, 73, 89
3, 4, 7, 9, 14, 17, 23, 47, 48, 53, 70, 71, 74
18, 23, 48, 63, 71, 76, 90
3, 19, 25, 37
3, 6, 8, 11, 14, 29, 44, 82, 87, 88
3, 6, 10, 13, 18, 24, 26, 36, 37, 42, 53, 56, 58, 59, 67, 68, 82, 91
3, 37, 61, 65, 69, 71, 79
3, 11, 37, 87
18, 27, 31, 52, 65, 69, 70, 90
18, 41, 55, 62, 73
36, 50, 80, 82
14, 21, 25, 29, 33, 36, 38, 40, 50, 53, 67, 68, 77, 82, 95
3, 48, 82, 85
18, 55, 77, 85
3, 13, 27, 36, 50, 52, 67, 68, 72, 74, 77, 87, 91, 95
3, 7, 8, 34, 53
34, 37, 44, 78
3, 42, 58, 67, 82, 91
3, 5, 7, 8, 9, 10, 11, 12, 13, 14, 15, 16, 17, 18, 19, 21, 24, 25, 32, 34, 35, 36, 37, 38, 39, 40, 42, 43, 46, 47, 50, 53, 54, 56, 57, 60, 61, 62, 63, 64, 65, 66, 67, 68, 69, 70, 71, 73, 74, 76, 81, 84, 86, 88
3, 8, 9, 11, 15, 16, 20, 21, 23, 25, 28, 34, 36, 38, 40, 42, 54, 57, 63, 66, 69, 76, 81, 88, 91, 94
3, 4, 8, 10, 12, 14, 15, 16, 19, 20, 23, 24, 25, 28, 29, 30, 33, 38, 40, 42, 43, 47, 51, 54, 55, 57, 64, 65, 66, 67, 69, 71, 72, 74, 76, 77, 78, 81, 85, 87, 91, 93, 94
18, 47, 48, 55, 59, 66, 71, 85, 87
3, 19, 48, 76
3, 23, 54, 62
18, 52, 76, 79
3, 18, 39, 44, 50, 59, 72, 88, 95
55, 74, 82, 91
3, 5, 7, 8, 10, 11, 13, 15, 19, 22, 24, 26, 27, 28, 30, 36, 38, 46, 47, 49, 63, 69, 72, 74, 76, 77, 80, 83, 84, 85, 87, 94, 95
36, 56, 76, 80, 89
18, 30, 57, 75
3, 5, 7, 8, 11, 17, 18, 20, 24, 25, 31, 33, 40, 44, 54, 69, 83, 91, 93, 94, 95
3, 11, 14, 19, 29, 30, 54, 55, 56, 58, 91, 94, 95
3, 53, 87, 88
3, 4, 6, 12, 16, 25, 26, 33, 36, 37, 43, 53, 66, 73, 78, 79, 80, 84, 91, 93, 94, 95
36, 73, 78, 82
3, 10, 11, 18, 38, 85
3, 6, 9, 11, 12, 14, 15, 16, 19, 21, 29, 39, 40, 46, 50, 55, 56, 62, 64, 71, 72, 79, 88, 89, 90
55, 60, 66, 67, 75, 76
18, 30, 67, 69
18, 24, 38, 45, 78
3, 36, 59, 69, 90
36, 43, 45, 79, 86
18, 35, 54, 69, 70, 77
3, 12, 36, 37, 38, 48, 54, 57
36, 43, 73, 76, 85
3, 12, 45, 55
3, 19, 87, 95
4, 5, 11, 71, 75
4, 29, 45, 67, 89
4, 5, 7, 12, 14, 15, 25, 28, 32, 34, 37, 38, 59, 67, 69, 74, 77, 78, 81, 89, 90, 91, 92
4, 5, 6, 8, 11, 13, 14, 15, 16, 20, 21, 25, 28, 30, 32, 33, 34, 35, 37, 39, 40, 41, 43, 44, 45, 47, 49, 52, 53, 55, 57, 58, 59, 60, 61, 63, 64, 65, 67, 70, 74, 75, 76, 77, 80, 81, 82, 83, 85, 86, 87, 89, 90, 91, 93, 94, 95
4, 8, 15, 16, 17, 20, 21, 24, 31, 33, 37, 44, 48, 57, 58, 59, 73, 75, 80, 85, 87, 88, 95
4, 61, 66, 67, 81, 82
4, 29, 39, 45, 53, 67, 89
4, 27, 82, 91
4, 9, 12, 13, 76, 92
4, 15, 43, 74, 80
4, 6, 64, 71
18, 26, 38, 56, 61, 82
4, 13, 36, 41, 74, 82
4, 14, 58, 94
4, 9, 15, 26, 28, 77, 80, 81, 87
4, 9, 31, 36, 42, 57, 64
36, 43, 58, 77
4, 5, 38, 39, 47, 66, 77
18, 34, 46, 72, 76, 87, 88
31, 66, 71, 79
4, 5, 26, 49, 74, 78, 79, 80, 83
18, 35, 76, 86
4, 21, 27, 55, 66, 74
18, 26, 50, 73
18, 19, 35, 46, 54, 58
36, 64, 67, 92
4, 16, 34, 54, 57, 58
4, 43, 60, 88
4, 5, 38, 39, 47, 66, 77
18, 54, 60, 78, 89
4, 27, 37, 47
4, 12, 63, 90
4, 7, 17, 21, 37, 48
4, 15, 24, 32, 37, 85
18, 41, 42, 74, 85
4, 12, 24, 30, 62, 63
4, 9, 57, 65
4, 5, 26, 65, 71, 81
4, 15, 43, 74, 80
4, 31, 36, 91
4, 56, 64, 76
4, 29, 76, 85
4, 26, 30, 68, 71, 75, 89
36, 46, 49, 92
4, 18, 22, 28, 32, 40, 46, 62, 65, 71, 89, 94
4, 5, 11, 28, 47, 59, 69, 71, 75, 92
4, 5, 26, 49, 74, 78, 79, 80, 83
19, 21, 33, 57, 77
19, 38, 41, 71
4, 13, 18, 56, 63
19, 29, 55, 76
4, 13, 25, 27, 31, 37, 49, 56, 66, 69, 70, 71, 80, 81, 85, 90
4, 10, 19, 23, 31, 35, 47
4, 8, 14, 15, 32, 35, 51, 64
19, 22, 25, 34, 38, 42, 46, 62, 69, 72, 85, 87, 91
4, 17, 49, 77
19, 28, 34, 40, 46, 74, 82, 95
4, 38, 66, 69, 88, 95
19, 32, 43, 46
4, 25, 66, 74, 76
4, 22, 27, 49, 86
19, 28, 43, 54, 75, 82
36, 45, 54, 57, 69
4, 25, 26, 27, 29, 52, 53, 60, 76, 95
19, 24, 60, 65, 83, 94
4, 26, 39, 40, 53, 54, 62, 85
36, 42, 68, 76, 93
19, 40, 42, 55, 61, 65, 66, 90
4, 5, 58, 59, 76, 83, 84, 85, 95
19, 35, 45, 48, 49, 52, 81
4, 12, 20, 23, 25, 31, 36, 63, 70, 75, 78, 81, 85
4, 19, 27, 32, 43, 57, 86
36, 48, 49, 52
55, 71, 78, 92
4, 12, 30, 38, 76
4, 41, 59, 79
55, 58, 61, 77
4, 5, 19, 31, 46, 52, 56, 57, 67, 69, 75, 77, 85
4, 9, 11, 14, 19, 27, 36, 40, 41, 44, 61, 67, 68, 71, 82, 84, 85, 87, 93
4, 13, 18, 21, 33, 36, 39, 42, 45, 46, 47, 55, 56, 58, 59, 67, 74, 76, 77, 79, 81, 86, 94
4, 24, 27, 31, 42, 43, 46, 58, 74, 75, 77, 88
4, 15, 32, 46, 48, 87
19, 43, 62, 80
4, 12, 14, 23, 26, 39, 50, 57, 69, 76, 81, 93, 94
4, 7, 15, 49, 52, 86
19, 20, 59, 61, 77
19, 23, 53, 76, 91
4, 8, 10, 20, 30, 32, 37, 45, 52, 61, 69, 80, 84, 87, 95
4, 22, 42, 47, 60, 61, 78
4, 14, 18, 25, 27, 53, 56, 79, 82, 83, 94
4, 11, 19, 21
19, 28, 45, 61, 65
19, 58, 60, 94
4, 19, 36, 38, 54, 55, 70, 80, 86
4, 13, 40, 44, 75
4, 12, 15, 27, 38, 41, 60, 63, 77, 92, 95
4, 22, 38, 90
36, 50, 59, 89, 90
36, 54, 60, 67, 70, 91
19, 27, 31, 44, 57
4, 18, 29, 46
4, 9, 15, 26, 27, 37, 43, 64, 68, 78, 82, 83, 84, 86
19, 22, 41, 64
4, 44, 48, 56
19, 57, 59, 64
19, 21, 23, 45, 64, 74, 89
4, 22, 47, 73, 75, 92
4, 17, 18, 70
19, 21, 31, 44, 53, 65, 68, 76
36, 40, 58, 76, 82, 93
4, 75, 79, 82
4, 17, 47, 83
4, 29, 30, 35, 61, 80, 91
56, 63, 78, 89
76, 78, 85, 90
4, 27, 31, 41, 46, 52, 81, 84, 87
4, 6, 10, 12, 17, 29, 37, 56, 60, 70, 74, 82, 88
19, 20, 46, 53, 57, 91
19, 21, 28, 35, 37, 67, 79, 94
14, 25, 35, 52, 61, 64, 65, 75, 86, 92
19, 31, 35, 59, 85
4, 16, 22, 34, 36, 55, 69, 72, 89, 91
4, 17, 26, 39, 43, 76, 77, 80, 90
19, 52, 64, 75
4, 9, 13, 29, 38, 40, 42, 43, 50, 52, 59, 65, 69, 71, 72, 79, 82, 83, 86, 92
19, 23, 41, 50, 53, 62, 88, 90, 95
4, 12, 13, 31, 43, 54, 57, 64, 67, 80, 85
4, 15, 29, 41, 45, 53, 64, 78, 81, 88, 89
4, 56, 69, 94
4, 12, 14, 20, 24, 32, 46, 54, 68, 83, 94
19, 29, 43, 90
31, 46, 70, 94
4, 6, 42, 44, 69, 76
4, 27, 44, 69, 76, 88
4, 9, 43, 74
4, 6, 7, 12, 22, 26, 40, 42, 45, 62, 67, 69, 83, 84, 85, 94
4, 25, 56, 57, 92
19, 52, 75, 88, 91
4, 26, 37, 76, 77
4, 32, 43, 75
4, 23, 61, 87
19, 46, 69, 72
4, 12, 15, 19, 27, 33, 36, 45, 50, 52, 57, 64, 77, 81, 85, 87
19, 36, 61, 75, 76, 84
19, 38, 40, 66, 86
4, 14, 58, 94
4, 12, 13, 21, 26, 63, 69, 76, 81, 83, 87, 89, 92
4, 18, 29, 52
19, 48, 67, 73, 84
4, 20, 29, 34, 40, 52, 63, 73, 88
4, 5, 11, 19, 31, 42, 56, 58, 66, 90
4, 62, 65, 80, 95
4, 17, 23, 42, 46, 50, 52, 61, 73, 74, 90
19, 22, 34, 38, 88
56, 62, 72, 80
4, 7, 13, 21, 22, 38, 62, 80, 82, 92
19, 23, 53, 76, 91
4, 8, 14, 28, 56, 60, 65, 78, 80, 92
4, 14, 17, 56
4, 9, 17, 26
4, 15, 86, 87
4, 20, 31, 34, 39, 55, 86, 89
4, 5, 9, 18, 20, 21, 27, 36, 42, 47, 62, 63, 79, 89, 94
4, 16, 17, 26, 35, 36, 38, 54, 57, 63, 71, 85
4, 13, 36, 41, 74, 77, 82
19, 38, 45, 71
4, 6, 38, 53, 61, 81
4, 14, 26, 65, 77, 78, 91
19, 20, 43, 44
4, 28, 37, 81
19, 45, 49, 57, 64, 76, 81
19, 28, 62, 94
4, 25, 55, 77
36, 48, 49, 52
4, 31, 66, 71, 79
4, 5, 60, 68, 70, 74, 79, 86
19, 22, 37, 56, 80
36, 42, 54, 73, 76, 84, 89
4, 16, 41, 69, 80, 83, 89, 90, 92
56, 71, 88, 91
4, 38, 54, 88, 93
19, 25, 29, 44, 50, 65, 70, 72, 87, 89, 91
4, 52, 54, 56, 57
4, 14, 16, 34, 39, 40, 50, 52, 55, 63, 64, 81, 87
4, 22, 56, 87
4, 31, 38, 89
4, 10, 17, 67, 79, 89
19, 38, 44, 47, 71, 80, 89
4, 6, 10, 12, 17, 56, 60, 70
4, 10, 13, 20, 22, 24, 27, 35, 47, 53, 54, 68, 73, 75, 76, 83, 92, 95
19, 20, 59, 61, 77
4, 34, 36, 47, 69
4, 15, 43, 74, 80
4, 6, 21, 94
19, 24, 53, 75
0, 1, 3, 4, 5, 6, 7, 8, 9, 10, 11, 12, 13, 14, 15, 17, 18, 19, 21, 22, 23, 24, 25, 26, 27, 28, 29, 30, 31, 32, 33, 34, 35, 36, 37, 38, 39, 40, 41, 42, 43, 44, 46, 47, 48, 49, 50, 51, 52, 53, 54, 55, 56, 57, 58, 59, 60, 61, 62, 63, 64, 65, 66, 67, 68, 69, 70, 71, 72, 73, 74, 75, 76, 78, 79, 80, 81, 82, 83, 84, 85, 86, 87, 88, 89, 90, 91, 92, 93, 94, 95
4, 9, 62, 66, 74, 77, 79, 80, 81, 83, 86, 89, 91
4, 11, 57, 63, 65, 89, 95
19, 49, 50, 55, 62, 94
4, 18, 38, 67, 91
19, 35, 43, 67, 82, 94
4, 55, 93, 95
4, 13, 32, 33, 35, 47, 72, 82, 93
4, 12, 43, 67, 75, 81, 86
4, 6, 31, 38, 50, 55, 71, 79, 80, 81, 83
4, 17, 18, 33, 36, 55, 79
4, 10, 15, 20, 28, 30, 34, 42, 54, 62, 64, 68, 71, 76, 80, 81, 90
4, 10, 17, 32, 41, 58, 59, 60, 68, 69
4, 8, 9, 19, 20, 22, 30, 32, 35, 37, 50, 68, 79, 80, 84, 95
4, 6, 8, 12, 16, 25, 29, 36, 37, 40, 49, 50, 58, 62, 65, 68, 89, 91, 93, 94
4, 5, 14, 16, 19, 22, 33, 34, 40, 41, 55, 57, 62, 74, 85, 89, 92
4, 32, 47, 68
4, 7, 8, 88
4, 22, 56, 87
4, 11, 20, 54, 67
4, 73, 89, 90
4, 7, 8, 10, 11, 17, 19, 21, 22, 24, 26, 28, 29, 33, 38, 52, 57, 58, 62, 63, 64, 66, 72, 73, 75, 76, 80, 82, 83, 85, 88, 92, 94
4, 9, 11, 14, 19, 27, 36, 44, 61, 67, 68, 71, 82, 84, 85, 87, 93
19, 26, 41, 77, 82, 87
19, 34, 36, 53, 95
19, 45, 68, 82, 85
19, 47, 48, 53, 57, 58, 63
4, 5, 8, 65, 73, 76, 79
19, 24, 36, 49
4, 5, 11, 82
19, 23, 25, 29, 40, 63, 84, 92
4, 6, 31, 78, 80, 86
4, 20, 29, 77, 90
36, 53, 56, 78
56, 67, 88, 90
4, 39, 53, 63, 65, 80, 81, 94, 95
19, 30, 37, 45, 87
19, 26, 59, 64
4, 18, 31, 45
36, 38, 40, 60
19, 21, 24, 93
19, 63, 68, 70, 93
19, 68, 75, 80, 81
4, 40, 48, 71
19, 21, 45, 64, 74
4, 7, 9, 13, 42, 55, 67
4, 30, 56, 59
4, 55, 93, 95
19, 53, 59, 93
4, 15, 29, 41, 45, 53, 64, 67, 78, 81, 88, 89
19, 40, 46, 74, 82, 95
4, 19, 26, 30, 31, 32, 43, 44, 53, 63, 69, 82, 85, 88, 89, 91
36, 70, 88, 95
4, 52, 55, 94
4, 6, 27, 33, 42, 45, 47, 49, 54, 68, 84, 85, 87, 88
4, 16, 19, 35, 39, 41, 42, 53, 54, 74, 78, 86, 95
36, 39, 76, 80, 89
4, 36, 56, 84
4, 8, 9, 12, 13, 15, 16, 25, 26, 28, 30, 31, 32, 40, 42, 45, 46, 49, 52, 58, 59, 61, 62, 64, 70, 73, 75, 76, 79, 88, 91, 92, 93, 95
4, 16, 34, 50, 71
4, 22, 34, 53
4, 5, 7, 8, 10, 12, 13, 14, 15, 18, 20, 21, 25, 32, 41, 42, 45, 46, 53, 56, 57, 61, 65, 76, 82, 90, 91, 95
4, 6, 54, 58, 87, 94
4, 15, 31, 34, 57, 58, 78, 92
4, 8, 10, 13, 14, 15, 16, 17, 18, 19, 20, 26, 28, 30, 31, 36, 38, 40, 41, 42, 43, 45, 46, 49, 52, 53, 54, 55, 57, 61, 63, 64, 67, 68, 70, 72, 74, 77, 78, 79, 80, 81, 84, 86, 87, 88, 89, 91, 93
19, 23, 29, 36, 49, 60, 68, 73, 83, 93
19, 24, 44, 56, 67
19, 24, 28, 39, 42, 43, 48, 72
4, 17, 30, 44, 50, 88, 89
4, 13, 22, 26, 36, 57, 68, 77, 82, 91, 95
19, 28, 43, 54, 75, 82
19, 25, 63, 65
19, 47, 73, 93
4, 41, 54, 63, 66, 75
4, 20, 33, 40, 48, 53, 59, 73, 82, 85, 88, 89
19, 31, 35, 46
36, 56, 72, 74
4, 9, 11, 12, 14, 21, 26, 28, 39, 60, 74, 81
4, 19, 23, 31, 35, 47
4, 18, 38, 67, 91
4, 17, 26, 75, 95
4, 34, 36, 47, 69
4, 39, 50, 89
19, 25, 39, 44, 45, 53, 67, 90
4, 38, 54, 87, 88, 93
4, 15, 17, 21, 35, 37, 54, 59, 69, 79, 80, 86
19, 30, 38, 87, 91
36, 39, 80, 89
4, 17, 77, 93
36, 45, 54, 57, 69
4, 24, 33, 37, 39, 58, 59, 65, 71
4, 5, 21, 22, 48, 72
4, 13, 43, 76
19, 25, 45, 50, 63
4, 10, 17, 32, 41, 59, 60, 69
4, 24, 58, 95
4, 6, 7, 9, 15, 36
4, 22, 25, 42, 43, 46, 53, 55, 63, 66, 71, 73, 82, 94
40, 54, 63, 83, 95
4, 13, 19, 43, 44, 83
14, 25, 53, 85
4, 8, 29, 38, 62, 78, 95
4, 15, 19, 20, 33, 43, 52, 54, 68, 71, 75, 80, 83, 89, 92
19, 68, 80, 89, 94, 95
4, 9, 12, 27, 28, 33, 35, 44, 55, 57, 60, 61, 62, 66, 77, 82, 88, 93
37, 39, 52, 67, 71
36, 80, 83, 88
4, 14, 64, 76, 93
4, 29, 30, 35, 61, 80, 91
19, 21, 60, 63
4, 5, 26, 49, 74, 78, 79, 80
4, 39, 48, 52, 60, 83, 84
4, 8, 18, 31, 42, 85, 91
4, 25, 67, 83, 85
56, 67, 73, 77, 94
4, 16, 41, 69, 80, 83, 89, 90, 92
4, 5, 23, 48, 50, 54
4, 24, 28, 35, 36, 88, 91
19, 44, 50, 52, 83
36, 40, 65, 77
19, 28, 62, 94
4, 10, 39, 49, 60, 66
19, 30, 38, 87, 91
2, 12, 85, 91, 95
4, 13, 15, 16, 38, 45, 53, 62, 64, 77, 78, 82, 95
4, 5, 17, 36, 50, 82
4, 27, 42, 46, 76
36, 39, 76, 80, 89
19, 50, 75, 77
4, 14, 37, 38, 40, 42, 66, 68, 80
4, 44, 58, 65, 86, 94
76, 81, 83, 89
5, 7, 22, 44, 45, 52, 61
19, 50, 55, 62
4, 10, 39, 49, 60, 66
4, 6, 8, 13, 14, 15, 20, 21, 30, 35, 40, 41, 43, 44, 49, 55, 57, 58, 60, 61, 67, 70, 74, 75, 76, 81, 82, 86, 89
19, 27, 34, 40, 41, 56, 63
4, 6, 16, 21, 28, 33, 34, 37, 38, 44, 45, 53, 56, 60, 61, 68, 69, 70, 75, 76, 79, 80, 81, 91, 94
19, 40, 54, 61, 78, 85, 93
7, 9, 36, 42
19, 20, 43, 44
19, 25, 29, 65, 70, 72, 87, 91
34, 42, 67, 75
4, 22, 47, 60, 61, 78
36, 57, 60, 62
4, 48, 60, 93
4, 18, 20, 22, 41, 53, 58, 61, 72, 77, 81, 85
19, 69, 78, 90
19, 32, 52, 59, 79
4, 9, 62, 66, 74, 77, 79, 80, 81, 83, 86, 89, 91
4, 13, 28, 29, 47, 76, 92
19, 26, 50, 73
37, 71, 76, 79
37, 44, 52, 53, 56
4, 7, 40, 57, 62
4, 26, 65, 71, 81
37, 56, 59, 63
19, 76, 93, 95
4, 45, 77, 88, 95
4, 11, 12, 17, 28, 31, 35, 37, 39, 69, 70, 71, 74, 78, 83, 85, 91
4, 27, 52, 54, 62, 82
31, 46, 66, 71
4, 13, 28, 29, 47, 76, 92
4, 26, 37, 76, 77
4, 25, 88, 92
4, 29, 38, 40, 42, 43, 52, 69, 71, 83, 86, 92
19, 20, 24, 25, 36, 40, 54, 63, 68, 81, 84, 86
4, 11, 12, 14, 16, 22, 24, 31, 40, 54, 57, 59, 60, 66, 73, 78, 84, 90, 91
19, 65, 75, 94
4, 12, 17, 42, 74, 84
19, 27, 30, 44, 62, 71, 77
37, 44, 69, 84
4, 42, 61, 72
4, 5, 11, 14, 15, 20, 21, 26, 28, 29, 32, 35, 38, 39, 40, 43, 44, 45, 46, 48, 50, 54, 55, 57, 60, 72, 73, 78, 80, 81, 82, 85, 87, 89, 91, 93, 95
4, 24, 39, 58, 59, 71, 94
37, 58, 70, 88
4, 12, 54, 73
37, 48, 67, 77
37, 77, 82, 83, 84
14, 25, 67, 74
4, 17, 68, 84
4, 5, 6, 7, 15, 17, 19, 21, 22, 25, 27, 28, 29, 32, 33, 37, 38, 46, 48, 50, 51, 52, 53, 55, 57, 59, 60, 61, 66, 70, 73, 74, 76, 78, 79, 80, 88, 89, 91
19, 66, 70, 73
4, 30, 37, 50
4, 48, 60, 93
4, 6, 31, 78, 80, 86
14, 21, 43, 44, 49, 56
4, 14, 25, 37, 39, 84
4, 7, 9, 14, 18, 39, 42, 56, 63, 71, 73, 78, 82
4, 10, 17, 26, 38, 72
4, 18, 44, 55, 89, 92
26, 46, 68, 89
4, 8, 29, 38, 62, 78, 95
4, 7, 40, 66
31, 84, 91, 93
4, 11, 15, 33, 38, 83
4, 5, 58, 76, 84, 95
4, 7, 9, 13, 42, 67
4, 25, 88, 92
4, 13, 16, 21, 29, 30, 38, 48, 49, 58, 63, 69, 74, 79, 82, 86, 87, 88, 91, 93
4, 13, 27, 71, 80, 81
19, 53, 73, 81
37, 38, 66, 84
19, 23, 53, 76, 91
34, 41, 48, 56
19, 40, 54, 61, 78, 85, 93
4, 26, 76, 77
4, 7, 22, 62, 82
4, 7, 32, 39, 50, 61, 79, 93
7, 13, 80, 87
19, 47, 48, 53, 57, 58, 63
37, 57, 63, 92
4, 19, 25, 54, 58, 70, 72, 81, 84, 89, 91, 92
4, 10, 54, 67, 94
4, 19, 59, 83, 85
37, 43, 56, 76, 79
19, 52, 64, 75
4, 6, 58, 87, 94
4, 13, 15, 16, 26, 28, 31, 32, 40, 45, 52, 59, 61, 64, 70, 73, 76, 79, 88, 91, 92, 95
4, 5, 8, 9, 10, 12, 13, 20, 23, 28, 31, 37, 40, 43, 46, 48, 52, 63, 66, 67, 68, 71, 72, 74, 80, 81, 83, 84, 88, 94, 95
4, 5, 11, 66, 82
4, 11, 28, 32, 56
4, 12, 13, 21, 26, 63, 76, 81, 89, 92
4, 13, 15, 16, 38, 45, 62, 77
4, 14, 16, 29, 82
19, 24, 38, 58
4, 13, 14, 15, 19, 21, 22, 27, 29, 31, 34, 35, 36, 40, 41, 42, 43, 48, 49, 50, 53, 61, 62, 66, 69, 71, 74, 75, 77, 80, 83, 86, 87, 89, 90, 93, 95
4, 42, 44, 76
19, 30, 83, 86
4, 5, 13, 14, 19, 24, 29, 32, 35, 37, 40, 41, 42, 44, 48, 50, 52, 55, 56, 58, 59, 62, 63, 64, 72, 74, 84, 88, 90, 91, 93
4, 13, 40, 75
4, 12, 23, 92
4, 38, 55, 56, 63, 65, 70, 82
4, 17, 26, 75, 95
4, 13, 43, 76
4, 9, 13, 47, 87
4, 19, 32, 35, 37, 68, 80
4, 12, 18, 42
4, 32, 33, 35, 47, 93
19, 27, 32, 57
19, 27, 72, 78, 88
4, 16, 28, 37, 38, 44, 45, 53, 60, 61, 68, 69, 75, 76, 80, 81
4, 5, 10, 32, 85, 94, 95
19, 36, 37, 60, 70, 81
19, 25, 63, 65
56, 79, 80, 86
4, 29, 71, 82, 93
4, 17, 26, 35, 36, 38, 54, 63, 85
19, 27, 34, 40, 56, 63
4, 41, 54, 63, 66, 75
4, 31, 57, 78
37, 41, 68, 73, 85, 92
4, 9, 13, 40, 47, 87
4, 13, 22, 36, 68, 77, 82, 91, 95
4, 7, 8, 18, 20, 22, 23, 26, 27, 30, 34, 41, 47, 49, 55, 57, 62, 68, 71, 76, 78, 86
20, 27, 46, 70
19, 33, 68, 71
4, 7, 19, 23, 63
4, 5, 19, 31, 52
4, 13, 17, 33, 39, 46, 57, 66, 67, 72, 73, 78, 80, 83, 89
4, 11, 22, 33, 76, 87
4, 10, 17, 67, 79, 89
19, 23, 24, 38, 52, 53, 56, 72, 75, 80, 90, 92
4, 10, 14, 19, 26, 28, 38, 40, 42, 43, 45, 46, 52, 53, 54, 63, 64, 68, 72, 74, 77, 78, 79, 80, 81, 86, 89, 91, 93
4, 8, 63, 64, 83
4, 52, 55, 94
4, 14, 25, 37, 39, 84
4, 38, 73, 82
4, 27, 43, 58, 88
37, 54, 61, 80, 92
19, 31, 38, 53, 57, 79
4, 10, 13, 20, 22, 24, 27, 35, 47, 53, 54, 73, 75, 83, 92, 95
4, 13, 59, 92
4, 8, 15, 22, 25, 33, 35, 45, 54, 64, 79, 89, 91
4, 6, 15, 16, 48, 49, 55, 57, 60, 70, 78, 79, 89
19, 38, 47, 71, 89
4, 8, 63, 64, 83
37, 39, 59, 69, 93
4, 35, 53, 54
4, 7, 9, 18, 23, 24, 28, 31, 34, 40, 44, 46, 48, 50, 57, 60, 77, 78, 91, 95
4, 6, 8, 11, 17, 18, 23, 31, 34, 35, 36, 37, 39, 40, 41, 44, 50, 51, 55, 61, 62, 69, 73, 78, 80, 81, 84, 87, 90, 95
4, 27, 69, 76, 88
4, 27, 31, 41, 46, 52
4, 7, 8, 12, 13, 14, 15, 18, 20, 21, 25, 32, 41, 42, 45, 53, 56, 57, 61, 65, 76, 82, 84, 90, 91, 95
4, 26, 65, 81
19, 58, 76, 77
4, 11, 15, 33, 38, 83
4, 5, 6, 11, 13, 14, 15, 19, 28, 31, 32, 37, 39, 42, 43, 46, 51, 52, 54, 59, 61, 62, 64, 69, 79, 80, 81, 82, 83, 87, 89, 91, 94, 95
4, 26, 63, 68, 83
19, 54, 56, 65, 76
4, 5, 6, 9, 10, 11, 12, 14, 15, 16, 18, 19, 20, 22, 23, 24, 25, 27, 28, 30, 33, 34, 36, 39, 41, 42, 43, 46, 50, 51, 53, 54, 58, 61, 63, 64, 65, 66, 67, 69, 70, 71, 72, 74, 76, 77, 78, 80, 81, 83, 84, 85, 87, 89, 91, 93, 94
4, 8, 12, 15, 20, 25, 54, 55, 57, 87
4, 45, 62, 77
4, 17, 33, 36, 55
4, 6, 16, 25, 29, 58, 62, 68, 91, 93
49, 73, 80, 86
4, 6, 8, 10, 13, 15, 20, 28, 31, 35, 36, 38, 39, 40, 48, 54, 60, 65, 66, 67, 68, 69, 74, 82, 83, 86, 87, 89, 94, 95
15, 16, 19, 48, 73, 77, 79, 88
4, 6, 10, 12, 13, 14, 16, 18, 24, 25, 39, 43, 44, 50, 52, 53, 55, 58, 59, 61, 62, 65, 67, 72, 74, 76, 78, 79, 81, 82, 87, 91, 93, 94, 95
19, 40, 78, 85, 93
4, 45, 77, 88, 95
4, 40, 45, 50, 71, 75
4, 5, 6, 23, 27, 28, 30, 39, 42, 46, 47, 55, 57, 64, 84, 90
4, 5, 9, 12, 13, 16, 18, 20, 21, 22, 24, 25, 27, 28, 29, 30, 33, 35, 36, 39, 40, 41, 42, 45, 47, 51, 55, 57, 59, 61, 62, 63, 64, 65, 66, 67, 68, 73, 74, 76, 77, 83, 85, 87, 93
4, 7, 10, 13, 14, 24, 25, 28, 32, 34, 36, 37, 42, 53, 54, 57, 61, 63, 65, 66, 68, 79, 82, 84, 92, 93, 94
37, 56, 72, 76
4, 9, 14, 18, 25, 27, 53, 56, 79, 82, 83, 94
4, 41, 74, 95
4, 38, 54, 88, 93
19, 20, 55, 73, 74
4, 10, 40, 66, 74
4, 52, 75, 88
4, 15, 43, 80
4, 57, 65, 81
4, 36, 55, 94
4, 5, 19, 31, 52
4, 7, 8, 10, 22, 29, 36, 39, 47, 48, 53, 54, 58, 59, 62, 63, 66, 71, 74, 81, 85, 89, 93
4, 16, 43, 46, 67, 74, 77
19, 36, 40, 44, 61, 68, 71, 82, 85, 87, 93
4, 14, 17, 20, 24, 26, 29, 42, 48, 50, 53, 54, 56, 58, 59, 61, 64, 67, 73, 74
19, 39, 75, 85
4, 12, 15, 82, 91
19, 23, 34, 37
37, 39, 43, 52, 67, 71
4, 13, 39, 68
20, 42, 59, 62
4, 12, 13, 14, 16, 17, 19, 20, 21, 25, 26, 27, 29, 31, 39, 42, 47, 54, 55, 56, 60, 66, 74, 75, 87, 92, 93, 95
4, 39, 55, 86, 88
4, 5, 14, 15, 21, 35, 38, 40, 43, 44, 45, 48, 50, 54, 55, 57, 72, 73, 80, 81, 82, 87, 89, 91, 93, 95
37, 38, 49, 57, 61, 84, 94
4, 18, 22, 24, 25, 28, 34, 39, 46, 55, 69, 77, 79, 83, 94
20, 33, 71, 73
20, 21, 23, 75, 77, 79, 86, 91
20, 23, 44, 46, 82
4, 5, 9, 19, 23, 26, 28, 41, 43, 44, 47, 49, 51, 58, 66, 70, 71, 75, 76, 78, 81, 82, 92
4, 18, 29, 52
37, 42, 59, 74, 80
4, 5, 7, 8, 11, 12, 13, 20, 24, 25, 30, 34, 37, 39, 53, 54, 57, 58, 60, 68, 73, 84
4, 22, 62, 83, 84, 88
4, 15, 35, 58, 66
20, 46, 74, 76
4, 14, 15, 21, 23, 24, 28, 40, 41, 55, 65, 78, 81, 87, 90, 91, 93
4, 6, 11, 26, 29, 88
20, 21, 55, 59, 79
4, 52, 73, 80
20, 31, 62, 90
4, 5, 7, 31, 44, 46, 53, 56, 58, 79, 81, 95
20, 41, 52, 68
20, 26, 43, 56
20, 23, 31, 39, 65, 66, 88
4, 5, 10, 11, 15, 16, 37, 38, 39, 43, 46, 50, 54, 58, 60, 70, 78, 89, 92, 95
4, 5, 6, 7, 12, 13, 14, 15, 20, 22, 24, 32, 36, 39, 41, 42, 43, 46, 47, 48, 53, 55, 56, 59, 61, 66, 67, 70, 73, 77, 79, 80, 81, 82, 86, 88, 93, 95
4, 42, 54, 86
4, 34, 43, 83
20, 30, 34, 72, 85
4, 5, 8, 24, 37, 43, 50, 61, 64, 75, 83, 87, 91, 92
4, 69, 80, 83
20, 38, 41, 56
4, 24, 28, 35, 36, 88, 91
20, 63, 80, 84, 91
4, 7, 16, 21
20, 34, 35, 84, 85
4, 5, 7, 9, 10, 11, 12, 13, 15, 17, 20, 22, 28, 29, 35, 37, 39, 40, 41, 42, 43, 46, 47, 48, 50, 51, 54, 57, 59, 61, 62, 69, 70, 71, 72, 73, 74, 76, 77, 79, 80, 85, 86, 87, 88, 90, 91, 93, 94
5, 27, 64, 65, 81
20, 22, 34, 37, 44, 49, 62, 78, 83
15, 17, 84, 92
2, 9, 10, 27, 54, 57, 66
5, 34, 40, 41, 54, 85, 91
5, 11, 12, 19, 28, 36, 38, 40, 57, 67, 68, 73, 81, 82, 87, 94
5, 9, 53, 57
5, 17, 20, 34, 35, 53, 54, 72
5, 9, 21, 32, 33, 41, 73, 84, 92
5, 6, 69, 71, 77, 79
20, 29, 69, 76
20, 33, 38, 44, 64
20, 24, 37, 47, 85, 91
34, 69, 89, 91, 93
5, 18, 57, 67
5, 11, 21, 23, 46, 69, 82, 91
5, 19, 76, 80, 83
20, 21, 30, 33, 76
5, 18, 35, 63, 93
37, 38, 64, 82
37, 43, 56, 76, 79
20, 39, 62, 63, 90
5, 13, 14, 21, 38, 55, 62, 63, 84, 95
5, 27, 63, 72, 91
20, 57, 65, 92
5, 17, 33, 47, 58, 86
5, 31, 90, 94
20, 25, 26, 27
5, 31, 45, 67
