73, 76, 89, 90
16, 30, 60, 83
66, 78, 87, 92
2, 27, 69, 88, 90
33, 36, 70, 73, 80, 81, 92
33, 35, 53, 63
2, 3, 4, 5, 6, 8, 11, 12, 14, 15, 17, 19, 23, 25, 26, 29, 30, 31, 34, 35, 38, 39, 40, 41, 42, 45, 50, 52, 57, 61, 62, 65, 66, 69, 70, 71, 72, 74, 75, 79, 80, 81, 82, 83, 84, 87, 89, 90, 91, 93, 95
2, 3, 13, 24, 68
33, 36, 58, 94
16, 53, 62, 70, 91
14, 15, 31, 44, 73
33, 54, 56, 70, 84
2, 6, 25, 32, 33, 35, 41, 46, 53, 61, 62, 63, 73, 77, 86
2, 25, 36, 40, 50, 70
2, 10, 61, 75
2, 13, 19, 32, 48, 49, 76, 77, 87, 88, 92
2, 35, 53, 71, 74
2, 64, 89, 94
16, 29, 50, 68
2, 14, 32, 95
2, 35, 41, 53, 57
2, 7, 34, 35, 37
2, 6, 61, 74, 77, 89
2, 29, 73, 89
16, 21, 22, 48, 82
2, 26, 55, 93
16, 34, 72, 80
2, 20, 27, 32, 38, 63, 84
2, 50, 54, 75
2, 58, 71, 73
16, 48, 59, 70, 88
16, 17, 21, 30, 36, 41, 58, 65, 77, 87
2, 18, 23, 44, 45, 74, 77, 90
2, 9, 27, 56, 66, 70, 73
16, 19, 44, 55, 56, 68, 90
2, 16, 18, 34, 41, 42, 43, 46, 54, 59, 61, 70, 74, 77, 85, 87
2, 4, 5, 25, 28, 38, 60, 94
33, 44, 55, 68, 72, 73, 79, 81
53, 57, 64, 72
2, 7, 57, 63, 83, 88
2, 37, 39, 60, 92, 93
33, 40, 55, 95
2, 17, 22, 64
2, 44, 68, 80
33, 48, 54, 92
2, 13, 20, 21, 28, 40, 55, 66, 71, 72, 78, 80, 91, 94
16, 19, 24, 40, 48, 70, 73, 89, 95
2, 14, 22, 26
33, 48, 60, 74
16, 17, 26, 36, 38, 54, 57, 71
2, 5, 39, 40, 89
16, 34, 40, 50, 54, 64, 68, 70, 84, 86, 89, 90, 91, 94
2, 3, 8, 58
33, 60, 77, 84, 87
16, 20, 56, 60, 65, 82
16, 45, 47, 70
2, 16, 39, 88, 90
2, 16, 26, 32, 49, 67
16, 27, 53, 56, 88
2, 6, 8, 22, 24, 26, 27, 43, 52
16, 52, 55, 76, 78
2, 19, 28, 30, 36, 37, 42, 43, 66, 92
2, 12, 33, 37, 79, 83
2, 9, 22, 36, 42, 71, 86
16, 72, 80, 82
2, 6, 8, 14, 37, 79, 83
16, 45, 60, 83
2, 9, 31, 46, 79, 91
2, 7, 17, 81
16, 25, 27, 50, 75
2, 18, 47, 54, 68
2, 16, 32, 37
57, 74, 88, 89
16, 73, 92, 93
16, 19, 34, 52
2, 12, 48, 63, 88, 94
16, 42, 48, 51, 69, 92, 95
2, 5, 59, 72
16, 17, 32, 74, 86
16, 45, 60, 83
2, 5, 9, 11, 15, 28, 36, 44, 72, 77, 79, 80, 88
16, 34, 44, 81
16, 21, 30, 36, 77
2, 20, 22, 29, 68
2, 5, 6, 14, 15, 16, 17, 19, 23, 25, 27, 28, 30, 37, 38, 39, 40, 41, 42, 47, 48, 52, 55, 57, 58, 63, 70, 72, 73, 76, 84, 85, 88, 90, 91, 92
16, 48, 59, 70, 88
16, 37, 44, 64, 94
2, 4, 25, 28, 38, 60, 94
16, 17, 54, 77
53, 71, 85, 89
2, 6, 55, 86
2, 11, 13, 61, 64, 90
16, 20, 38, 82
16, 34, 44, 47
2, 25, 26, 33, 57, 63, 64, 67, 79, 80, 84, 88, 90, 93
2, 12, 85, 91, 93, 95
16, 21, 22, 31, 34, 45, 61, 62, 85, 91, 93
53, 54, 62, 91
57, 76, 81, 91
2, 40, 48, 59, 63, 70, 90
16, 38, 45, 53
16, 37, 42, 91
34, 46, 82, 93, 95
2, 5, 11, 28, 29, 76
16, 43, 69, 72
2, 5, 33, 87
2, 4, 5, 16, 18, 37, 46, 56, 59, 68, 76
16, 22, 25, 27, 31, 46, 49, 53, 64, 68, 76, 87, 88
2, 4, 6, 7, 8, 11, 13, 15, 18, 19, 24, 26, 27, 29, 30, 31, 32, 33, 34, 35, 37, 46, 47, 48, 49, 50, 53, 55, 61, 64, 67, 69, 70, 71, 73, 74, 75, 80, 81, 83, 87, 89, 90, 91, 93, 95
2, 9, 15, 16, 41, 50, 58, 86
16, 22, 32, 80
2, 9, 10, 27, 56, 66, 70, 73
16, 21, 29, 31, 55, 73
53, 60, 70, 76, 85
16, 18, 33, 79, 84
34, 35, 53, 56, 79, 84
2, 6, 12, 27, 67, 81
34, 79, 90, 93
2, 4, 45, 58
2, 28, 55, 84
16, 55, 82, 90
16, 46, 52, 89
14, 16, 19, 22
2, 13, 21, 36, 41, 59, 62, 66, 68, 77, 82, 83, 85, 89
53, 66, 87, 91
19, 54, 57, 78, 81
16, 19, 25, 29, 37, 65, 79
34, 35, 68, 73
2, 7, 8, 14, 18, 26, 32, 33, 37, 40, 48, 57, 61, 62, 73, 83, 85, 86, 87, 89, 90
16, 45, 49, 67, 82
34, 45, 81, 89
2, 19, 47, 75, 90
2, 17, 72, 78, 92
34, 44, 46, 60, 87, 91
2, 11, 16, 19, 34, 37, 43, 47, 49, 54, 56, 60, 68, 70, 75, 85, 86, 89, 91
16, 20, 22, 65, 75, 80, 88, 89
16, 66, 68, 71, 73, 77, 81, 84
2, 18, 26, 27, 32, 41, 45, 47, 54, 57, 71, 86, 87, 92, 93
2, 16, 28, 89
2, 29, 49, 88
16, 24, 34, 58, 84
2, 25, 40, 84
2, 7, 20, 48, 58, 72, 91
2, 11, 21, 38, 44, 61, 79, 89
2, 13, 16, 22, 26, 33, 39, 44, 59, 60, 70, 71, 74, 81, 85, 87, 92
34, 44, 56, 71, 83
34, 54, 67, 90
17, 20, 25, 33, 43
34, 59, 62, 70
2, 7, 12, 20
2, 10, 55, 70, 71, 88
2, 20, 30, 33, 36, 40, 86, 88, 92
2, 17, 36, 66, 70
17, 23, 33, 74
46, 52, 82, 89, 95
2, 4, 6, 44, 57
73, 77, 78, 88
2, 4, 6, 8, 28, 31, 34, 39, 41, 47, 48, 50, 69, 71, 74, 81, 84, 86, 90, 91, 93, 95
2, 39, 75, 79, 90
2, 15, 49, 53, 64, 70, 83
2, 22, 28, 29, 43, 44, 52, 62, 94
2, 10, 43, 44, 53, 67, 68, 83, 85
2, 3, 5, 6, 8, 9, 10, 14, 16, 17, 19, 21, 22, 25, 26, 28, 29, 31, 32, 38, 43, 44, 48, 49, 50, 54, 55, 57, 58, 62, 63, 66, 67, 68, 69, 72, 74, 79, 80, 81, 88, 90
17, 21, 53, 66
2, 7, 9, 11, 20, 26, 27, 29, 31, 47, 55, 60, 63, 72, 93
2, 5, 8, 13, 32, 38, 44, 52, 60, 72, 85, 87
2, 7, 35, 57, 66
2, 21, 31, 42, 61, 62, 72, 74
17, 25, 87, 91
19, 21, 38, 73, 83
18, 45, 64, 66
2, 20, 36, 61, 81, 86
2, 12, 36, 56
2, 12, 21, 54, 56, 67, 71, 81
2, 3, 8, 15, 17, 20, 21, 36, 37, 38, 39, 45, 52, 55, 57, 58, 68, 72, 80, 95
2, 4, 9, 15, 23, 28, 31, 55, 58, 70, 90, 91, 95
17, 22, 75, 83
2, 12, 16, 25, 33, 36, 38, 57, 59, 65, 70, 73, 80, 81, 90, 92
17, 37, 90, 95
2, 14, 28, 74
17, 28, 31, 60, 75
14, 21, 37, 93
2, 4, 13, 20, 25, 40, 63, 84, 87, 88, 89
17, 62, 70, 94
2, 17, 57, 89
2, 19, 59, 63
2, 32, 50, 60
17, 24, 33, 35, 41, 58, 65, 69, 84
2, 6, 55, 86
2, 7, 8, 12, 17, 28, 33, 37, 55, 58, 79, 87, 92
34, 53, 65, 92
2, 9, 22, 36, 71
2, 4, 7, 9, 10, 14, 15, 19, 20, 23, 24, 25, 26, 28, 34, 36, 37, 46, 48, 53, 57, 59, 60, 72, 73, 81, 82, 83, 86, 88, 91, 93
2, 9, 37, 39, 47, 52, 58, 59, 61, 67, 76, 78, 83, 84, 86, 88, 90, 93, 95
2, 3, 4, 7, 24, 32, 39, 50, 61, 66, 79, 93
2, 40, 41, 59
17, 25, 38, 45, 80, 86
2, 21, 90, 94
2, 5, 9, 10, 25, 27, 28, 35, 36, 46, 52, 54, 56, 61, 68, 69, 71, 72, 79, 80, 91
34, 53, 65, 74
2, 6, 18, 28, 34, 38, 53, 55, 59, 69, 83, 87
34, 43, 72, 84
2, 7, 8, 22, 24, 28, 29, 36, 37, 87, 88
2, 23, 49, 64, 73, 77, 82, 85, 87
31, 35, 40, 43, 48, 75, 76, 78, 86
2, 5, 26, 31, 60, 63, 65, 72, 73, 90
2, 6, 27, 37, 58, 64
17, 39, 46, 47
2, 9, 19, 20, 65, 66, 80
17, 41, 85, 94
40, 44, 53, 78, 88
2, 5, 40, 79, 89
17, 42, 49, 60, 72, 94
17, 24, 38, 55, 65, 73, 75, 80, 95
17, 28, 34, 38, 58
17, 85, 91, 92, 93
2, 11, 51, 72
2, 16, 27, 30, 34, 46, 77, 84, 85, 87
2, 8, 22, 26, 27, 43, 52
32, 58, 80, 95
17, 29, 32, 35, 52, 53, 82
2, 6, 8, 14, 16, 24, 25, 26, 54, 65, 70, 78, 80, 83, 92
2, 6, 32, 34, 42, 45, 48, 54, 60, 73, 77, 81, 95
2, 41, 75, 93
17, 30, 37, 48
2, 5, 34, 39, 47, 87
2, 17, 21, 33
2, 18, 69, 79
2, 38, 45, 79, 91
17, 35, 43, 46, 69, 71, 74
2, 7, 9, 95
2, 10, 16, 21, 31, 40, 63, 71, 73, 75, 76, 90
2, 27, 42, 65
17, 58, 63, 68, 73, 93
2, 6, 10, 44, 52, 66, 70, 95
2, 9, 32, 34, 77, 80, 88
53, 71, 76, 90
28, 35, 88, 91
2, 5, 9, 12, 17, 32, 39, 42, 46, 57, 58, 61, 62, 65, 67, 69, 87, 91, 94
2, 25, 49, 87
2, 3, 12, 21
2, 8, 12, 21, 28, 37, 61, 76, 79, 94
17, 50, 64, 67, 71
2, 25, 33, 52, 55, 61, 88, 94
2, 18, 56, 73
2, 5, 33, 37
2, 9, 24, 82
17, 25, 38, 46, 49, 83, 91
73, 80, 81, 92
34, 42, 58, 75, 78, 88
17, 19, 22, 48, 82
2, 12, 50, 63, 86
2, 14, 52, 64, 80, 88
2, 18, 26, 27, 32, 41, 45, 47, 54, 57, 71, 86, 87, 92, 93
67, 80, 83, 87, 92
2, 12, 17, 41, 58, 64
17, 39, 41, 46, 63, 78
2, 18, 26, 27, 32, 41, 45, 54, 57, 71, 86, 87, 92, 93
54, 71, 74, 92
2, 46, 60, 61, 70, 76, 78, 80, 85, 89
54, 56, 78, 81
17, 23, 25, 36
2, 27, 29, 61, 94
2, 11, 13, 27, 47, 49, 93
34, 47, 56, 60
34, 47, 61, 85
2, 31, 36, 72, 73
17, 46, 58, 94
2, 21, 26, 31, 46, 48, 52, 55, 59, 68, 74, 89
2, 9, 12, 66
2, 7, 26, 27, 29, 37, 38, 39, 56, 93
17, 26, 33, 65, 71, 72, 94
17, 22, 49, 69, 75, 90
17, 37, 90, 95
2, 16, 18, 34, 42, 43, 46, 54, 61, 77, 87
2, 14, 32, 33, 79
2, 11, 13, 61, 64, 90
2, 18, 27, 46, 50, 67
2, 40, 54, 65
2, 3, 34, 46, 82
2, 24, 28, 29, 69, 82
17, 32, 50, 55, 74, 80
17, 18, 19, 71
20, 27, 33, 34, 37, 41, 52, 55, 70, 87
2, 3, 10, 17, 20, 24, 26, 31, 36, 54, 56, 58, 62, 64, 69, 86, 93, 94
2, 23, 29, 35, 41, 42, 50, 57, 62, 66, 72, 75, 81, 82, 94, 95
34, 42, 74, 83
2, 13, 20, 25
2, 5, 6, 7, 8, 9, 12, 13, 14, 16, 18, 19, 20, 22, 23, 25, 26, 27, 29, 33, 36, 37, 38, 40, 41, 42, 43, 44, 45, 46, 48, 49, 50, 51, 52, 53, 54, 55, 56, 57, 58, 59, 61, 62, 63, 64, 66, 67, 69, 70, 71, 72, 73, 74, 75, 77, 78, 79, 80, 81, 83, 84, 86, 88, 89, 90, 91, 92, 93, 94, 95
2, 5, 8, 13, 32, 38, 44, 52, 60, 72, 75, 85, 87
14, 21, 22, 28, 64, 66, 70
2, 37, 39, 60, 92
2, 8, 27, 31, 34, 39, 73, 75, 82, 93
2, 28, 47, 69, 82
2, 9, 29, 66, 85
2, 31, 36, 72, 73
34, 45, 89, 94
2, 7, 77, 88, 92
2, 4, 9, 10, 16, 21, 22, 28, 29, 30, 40, 44, 49, 57, 60, 68, 85, 93, 95
2, 11, 39, 60
2, 3, 22, 37, 52, 66, 72
2, 20, 61, 92
4, 6, 19, 62, 74, 89
34, 38, 41, 48, 57, 67, 73, 80
2, 15, 21, 37
17, 36, 43, 56, 67, 86, 91
34, 38, 42, 77
2, 27, 50, 60, 82, 87
34, 46, 47, 52, 57
17, 40, 44, 52
2, 10, 16, 31, 44, 49, 71, 73, 75, 76, 90
2, 16, 33, 75, 83, 88
34, 49, 72, 76, 85
2, 39, 76, 78, 83, 86, 93, 95
2, 4, 18, 74, 85
17, 21, 26, 35, 39, 45
2, 52, 58, 87
2, 14, 22, 59
2, 6, 24, 62, 95
2, 5, 13, 17, 19, 20, 29, 34, 40, 41, 47, 48, 58, 59, 65, 68, 70, 71, 74, 76, 88, 91, 93
17, 23, 25, 36
2, 5, 7, 41, 44, 53, 91
2, 4, 12, 19, 36, 41, 43, 48, 53, 64, 69, 74, 75, 77
2, 25, 29, 54
2, 67, 76, 89
17, 25, 55, 61, 67, 71, 84
2, 12, 14, 20, 29, 50, 59, 69
17, 66, 71, 74, 90, 92
2, 9, 19, 20, 65, 80
2, 13, 30, 95
2, 10, 16, 54, 78
54, 64, 81, 82
2, 29, 70, 75, 88, 89, 93
2, 16, 47, 70
2, 27, 83, 88
2, 22, 28, 29, 43, 44, 52, 62, 89, 94
2, 8, 11, 13, 61, 70, 72, 88, 94
2, 15, 63, 77
17, 75, 78, 85
17, 25, 39, 46, 47
2, 5, 6, 14, 16, 22, 26, 29, 31, 43, 44, 50, 57, 63, 66, 68, 72, 74, 88, 90
34, 42, 77, 82
2, 19, 64, 71
2, 3, 8, 9, 10, 12, 13, 14, 15, 16, 19, 20, 21, 22, 23, 24, 25, 26, 27, 28, 30, 31, 34, 37, 38, 39, 42, 43, 44, 45, 46, 47, 48, 51, 52, 53, 54, 55, 56, 57, 58, 60, 61, 62, 63, 64, 67, 68, 70, 71, 72, 73, 74, 75, 76, 77, 78, 79, 80, 81, 82, 83, 84, 85, 86, 87, 88, 91, 92, 94
2, 21, 31, 46, 48, 52, 55, 59, 74, 89
34, 68, 71, 72
2, 9, 12, 66
14, 23, 25, 36, 38, 40, 64, 66, 70, 88
2, 3, 4, 6, 8, 9, 10, 14, 15, 17, 18, 20, 21, 23, 25, 26, 27, 28, 29, 31, 33, 35, 36, 37, 39, 40, 42, 43, 45, 47, 48, 50, 51, 52, 54, 56, 57, 58, 60, 62, 63, 65, 66, 67, 68, 69, 70, 72, 73, 74, 75, 76, 79, 83, 85, 89, 90, 92, 93, 94, 95
17, 58, 68, 93
2, 9, 15, 23, 28, 31, 55, 58, 70, 90, 91, 95
17, 18, 19, 22, 25, 34, 40, 44, 66, 67, 78, 85, 91, 94
2, 7, 34, 35, 37
20, 23, 42, 51, 84
2, 33, 40, 41, 63, 70, 89
2, 4, 6, 7, 13, 22, 23, 26, 29, 30, 34, 40, 46, 55, 58, 63, 64, 68, 70, 71, 73, 84, 87, 91
34, 61, 82, 95
54, 57, 69, 79
22, 26, 37, 62, 84, 87, 88
17, 33, 79, 92
2, 3, 5, 8, 9, 11, 13, 14, 16, 17, 18, 22, 23, 25, 27, 30, 32, 34, 37, 41, 44, 45, 47, 49, 51, 56, 59, 60, 61, 63, 64, 65, 66, 67, 69, 71, 75, 77, 78, 81, 84, 88, 89, 90, 91, 95
2, 56, 79, 90
2, 24, 59, 77
2, 4, 10, 42, 49, 92
2, 8, 28, 37, 61, 76, 79, 94
17, 23, 45, 63
17, 38, 49, 52, 59, 60, 61, 68, 73, 74, 82
17, 36, 40, 55, 89
2, 10, 63, 71, 72, 84
17, 25, 61, 65, 67, 76, 85, 91, 93
2, 13, 20, 25, 40, 88, 89
17, 31, 38, 43, 58, 67
2, 3, 11, 16, 33, 41, 42, 63, 66, 75, 76, 88, 91, 92
2, 3, 6, 8, 9, 10, 11, 12, 13, 14, 15, 16, 17, 18, 19, 20, 21, 23, 24, 25, 31, 33, 34, 36, 37, 38, 42, 43, 44, 46, 47, 48, 50, 51, 52, 54, 56, 57, 58, 59, 61, 62, 63, 64, 65, 66, 67, 68, 69, 70, 71, 72, 73, 75, 76, 79, 81, 82, 84, 85, 86, 87, 88, 89, 90, 91, 93, 95
2, 3, 4, 12, 13, 15, 18, 19, 20, 27, 35, 39, 43, 55, 61, 64, 66, 75, 88, 95
17, 55, 75, 76, 80, 89
2, 14, 18, 19, 22, 23, 30, 32, 34, 36, 38, 42, 43, 44, 45, 46, 47, 51, 56, 60, 62, 63, 67, 70, 71, 72, 73, 77, 78, 81, 82, 86, 88, 89, 91, 92, 93, 95
34, 47, 50, 52, 53, 67, 76
2, 9, 63, 82, 87
2, 6, 8, 22, 24, 26, 27, 43, 52
2, 16, 85, 92
17, 22, 24, 45, 53, 81
2, 32, 42, 64
2, 4, 9, 12, 20, 27, 28, 33, 35, 44, 47, 50, 55, 57, 58, 60, 61, 62, 69, 70, 77, 82, 84, 88, 93
2, 7, 21, 22, 27, 35, 36, 47, 55, 56, 66, 84, 89, 91
4, 8, 11, 15, 24, 25, 26, 29, 42, 48, 75
34, 42, 54, 67, 68
34, 41, 48, 56
2, 6, 31, 64, 69, 74, 91
2, 6, 18, 49, 69, 75, 82, 90
17, 63, 74, 78
2, 6, 9, 11, 13, 17, 19, 22, 24, 25, 28, 32, 34, 35, 36, 37, 40, 42, 47, 48, 51, 53, 56, 57, 58, 62, 68, 72, 73, 74, 79, 80, 82, 83, 84, 85, 86, 87, 89, 93
2, 3, 8, 58
2, 3, 8, 11, 13, 16, 20, 21, 22, 25, 28, 37, 38, 39, 52, 56, 57, 58, 63, 64, 66, 67, 77, 78, 79, 86, 88, 90, 94, 95
2, 7, 25, 47, 50, 63, 69, 83, 92
2, 3, 7, 8, 11, 14, 15, 17, 21, 22, 23, 26, 27, 28, 31, 34, 38, 43, 44, 47, 48, 49, 50, 51, 53, 55, 57, 58, 59, 61, 63, 71, 72, 75, 83, 84, 88, 90, 92, 94, 95
2, 25, 36, 40, 50, 70
2, 4, 5, 7, 10, 11, 13, 15, 17, 18, 19, 22, 24, 27, 28, 31, 34, 37, 38, 39, 40, 41, 42, 43, 45, 46, 48, 49, 51, 53, 54, 55, 56, 57, 58, 60, 61, 63, 64, 66, 67, 72, 73, 74, 75, 76, 77, 78, 82, 87, 88, 89, 93, 95
2, 8, 16, 28, 33, 46, 58, 63, 66, 76
2, 4, 6, 7, 9, 10, 11, 12, 13, 14, 16, 17, 19, 20, 21, 22, 23, 25, 26, 28, 29, 30, 31, 32, 34, 35, 36, 38, 42, 43, 44, 45, 46, 47, 48, 49, 50, 53, 54, 55, 56, 57, 59, 60, 61, 63, 64, 66, 67, 68, 71, 72, 73, 75, 78, 79, 81, 82, 84, 86, 87, 89, 90, 91, 92, 93, 95
2, 12, 17, 44, 58, 59, 61, 64, 68, 69, 77, 80, 82, 85, 87
2, 4, 10, 16, 57, 85
54, 62, 67, 73, 83
2, 4, 12, 19, 36, 41, 43, 48, 53, 64, 69, 74, 75, 77
17, 18, 25, 33, 34, 39, 89
34, 64, 81, 86
34, 77, 85, 87
2, 20, 21, 39, 50, 58, 59, 85
2, 18, 50, 67
2, 7, 12, 23, 28, 34, 35, 36, 41, 44, 46, 48, 51, 52, 56, 57, 59, 60, 65, 67, 68, 70, 71, 72, 73, 75, 77, 78, 79, 81, 88, 90, 91, 92, 93
2, 25, 47, 48
2, 20, 29, 78
17, 32, 52, 54, 71, 78, 79, 82, 92, 93
16, 37, 42, 55, 61, 62, 83, 84
2, 7, 12, 23, 32, 34, 35, 39, 63, 71, 72, 89
17, 37, 38, 47, 85
2, 3, 4, 5, 6, 7, 8, 11, 12, 13, 15, 16, 17, 19, 22, 23, 25, 26, 27, 28, 30, 31, 32, 34, 35, 36, 37, 39, 40, 41, 45, 46, 48, 49, 50, 51, 52, 53, 54, 55, 56, 57, 58, 59, 60, 61, 62, 63, 64, 65, 66, 69, 70, 71, 72, 73, 74, 75, 76, 78, 79, 80, 81, 83, 85, 86, 87, 88, 90, 92, 94, 95
2, 33, 40, 41, 63, 70, 89
2, 4, 5, 6, 9, 10, 11, 12, 14, 15, 16, 17, 19, 20, 21, 23, 24, 25, 26, 28, 29, 30, 31, 32, 33, 35, 36, 37, 38, 39, 42, 43, 45, 46, 47, 49, 51, 53, 55, 57, 59, 60, 64, 66, 67, 68, 70, 71, 72, 73, 75, 77, 78, 79, 80, 81, 84, 86, 88, 90, 91, 94, 95
17, 33, 63, 89
17, 35, 55, 58, 62, 65, 66, 92
2, 4, 53, 79, 82
2, 6, 31, 51, 53, 82
2, 5, 7, 8, 10, 11, 21, 31, 34, 39, 53, 56, 58, 69, 84, 89, 92, 95
2, 45, 60, 72
20, 21, 53, 77
2, 31, 36, 72, 73
2, 5, 11, 28
34, 73, 89, 95
2, 20, 22, 41, 88
17, 19, 34, 56, 72, 86
2, 27, 28, 41
2, 9, 14, 32, 43, 52, 65, 70, 85
17, 18, 44, 61, 89
2, 5, 7, 12, 13, 15, 16, 18, 19, 20, 21, 22, 23, 24, 27, 29, 31, 32, 33, 34, 35, 38, 41, 42, 43, 44, 45, 49, 51, 52, 55, 59, 60, 65, 66, 69, 72, 74, 75, 76, 77, 79, 80, 88, 90, 91, 92, 93, 94, 95
2, 11, 13, 14, 17, 19, 22, 24, 26, 34, 35, 38, 47, 48, 51, 56, 71, 73, 79, 80, 82, 86, 87
17, 45, 67, 68, 71
2, 3, 5, 7, 8, 9, 10, 11, 14, 15, 16, 17, 19, 20, 21, 22, 23, 24, 25, 26, 28, 30, 31, 32, 35, 36, 37, 38, 40, 42, 43, 45, 48, 49, 50, 51, 52, 53, 55, 56, 58, 59, 60, 62, 64, 65, 66, 67, 68, 69, 70, 71, 73, 75, 76, 78, 80, 82, 83, 84, 85, 87, 88, 89, 90, 91, 94
2, 3, 7, 9, 11, 18, 19, 21, 24, 27, 29, 32, 34, 36, 37, 38, 40, 41, 42, 43, 45, 48, 51, 52, 53, 56, 58, 60, 61, 62, 64, 65, 66, 70, 75, 78, 80, 81, 82, 85, 88, 89, 93
2, 26, 28, 93
17, 18, 59, 69, 92
34, 50, 54, 71, 93
17, 38, 58, 67, 93
17, 20, 55, 79, 90
17, 32, 42, 57, 75
34, 38, 66, 72, 76
2, 6, 32, 34, 42, 45, 48, 54, 60, 73, 81, 95
2, 5, 10, 11, 12, 14, 15, 23, 28, 29, 31, 32, 35, 36, 37, 38, 39, 40, 43, 45, 47, 50, 56, 57, 59, 60, 62, 63, 64, 80, 83, 87, 89, 94
2, 15, 21, 24, 28, 31, 57
2, 41, 71, 73, 92, 93
17, 38, 53, 70
17, 19, 44, 82
2, 38, 41, 82
2, 42, 52, 58, 87
2, 5, 11, 12, 13, 15, 24, 34, 35, 38, 43, 45, 54, 59, 61, 63, 64, 71, 75, 77, 95
34, 42, 75, 78, 88
2, 18, 27, 46, 50, 67
2, 5, 6, 7, 8, 9, 10, 12, 13, 14, 17, 19, 21, 22, 23, 25, 26, 28, 31, 32, 35, 36, 38, 39, 44, 46, 49, 50, 51, 53, 54, 55, 56, 57, 59, 61, 63, 64, 65, 68, 72, 74, 75, 76, 77, 81, 82, 83, 87, 88, 89, 91, 93
17, 22, 62, 73
34, 44, 52, 63, 72
17, 21, 27, 78, 83, 93
2, 19, 28, 46, 60
2, 13, 27, 30, 36, 89
2, 6, 13, 16, 24, 25, 40, 54, 62, 72, 80, 93, 95
34, 44, 45, 46, 53
2, 7, 8, 9, 10, 11, 13, 14, 16, 17, 18, 19, 21, 23, 24, 27, 28, 29, 30, 32, 33, 34, 35, 36, 37, 38, 40, 41, 42, 46, 48, 49, 50, 51, 52, 54, 55, 56, 58, 59, 61, 62, 63, 64, 66, 67, 69, 70, 71, 72, 75, 76, 77, 78, 79, 83, 86, 88, 90, 91, 92, 93, 95
2, 4, 53, 56, 65, 67, 89, 91
2, 30, 48, 50, 64, 80
17, 25, 55, 61, 67, 71, 84
2, 3, 58, 87
2, 12, 13, 63
2, 8, 24, 27, 32, 54, 63, 80, 89, 95
2, 9, 10, 11, 12, 13, 14, 15, 16, 17, 18, 29, 31, 32, 35, 38, 40, 45, 46, 47, 48, 51, 60, 63, 65, 68, 69, 70, 73, 75, 76, 83, 92, 95
2, 16, 53, 77
34, 42, 54, 67
2, 3, 20, 36, 37, 45, 55, 58, 68, 95
31, 46, 65, 83
34, 44, 79, 89
2, 4, 12, 41, 53, 77
2, 3, 12, 21, 35, 69
17, 21, 35, 69, 71, 79, 80
7, 29, 32, 49, 60
2, 12, 61, 72, 76, 91
2, 26, 40, 41
2, 5, 6, 17, 23, 30, 38, 41, 42, 57, 58, 73, 92
2, 7, 57, 63, 83
2, 7, 14, 16, 19, 20, 25, 27, 28, 31, 32, 33, 35, 41, 47, 48, 51, 55, 56, 58, 60, 62, 63, 66, 67, 68, 69, 72, 73, 76, 77, 78, 79, 80, 83, 85, 87, 88, 90, 91, 92, 93, 94, 95
17, 27, 28, 34
2, 5, 6, 8, 9, 10, 12, 13, 19, 20, 24, 28, 30, 31, 34, 36, 37, 43, 45, 47, 48, 52, 53, 55, 57, 58, 60, 61, 62, 63, 64, 67, 68, 71, 72, 73, 75, 76, 77, 83, 84, 86, 87, 89, 92
17, 40, 44, 52
2, 4, 6, 12, 15, 17, 19, 24, 26, 28, 29, 30, 31, 32, 37, 38, 41, 42, 46, 47, 48, 51, 52, 53, 54, 55, 56, 58, 60, 61, 69, 71, 73, 74, 79, 80, 83, 84, 85, 87, 90, 92, 95
17, 20, 37, 54, 83
2, 4, 8, 21
17, 21, 43, 46, 66, 76, 81, 87
2, 5, 24, 48, 64, 72
2, 4, 8, 9, 10, 11, 13, 14, 15, 20, 25, 27, 28, 37, 46, 47, 51, 54, 55, 59, 60, 65, 69, 70, 71, 73, 79, 85, 86, 89, 93
2, 4, 9, 14, 15, 16, 28, 31, 34, 35, 36, 39, 40, 45, 53, 54, 61, 67, 72, 80, 90, 91
2, 12, 28, 50, 56, 80, 81
2, 3, 5, 8, 9, 13, 15, 19, 20, 25, 27, 28, 29, 30, 34, 35, 39, 40, 41, 43, 44, 47, 48, 50, 52, 53, 55, 58, 68, 72, 78, 79, 81, 82, 84, 86, 88, 89, 90, 95
2, 6, 12, 15, 19, 36, 40, 49, 69, 86
2, 6, 52, 73, 88, 92
2, 7, 14, 17, 26, 36, 52, 61, 62, 66
2, 24, 31, 48, 55, 59, 61, 73
2, 4, 5, 6, 8, 10, 11, 14, 17, 18, 19, 20, 22, 24, 25, 26, 27, 30, 34, 38, 39, 40, 44, 45, 46, 47, 50, 52, 56, 58, 59, 60, 64, 65, 66, 67, 68, 69, 71, 72, 73, 74, 75, 76, 77, 79, 82, 84, 85, 87, 88, 89, 91, 92, 93
2, 6, 11, 13, 15, 20, 21, 34, 39, 53, 55, 56, 62, 69, 75, 82, 93
17, 30, 62, 71, 82
2, 5, 8, 13, 32, 38, 44, 52, 60, 72, 75, 85, 87
2, 6, 13, 14, 15, 24, 27, 28, 37, 41, 42, 43, 46, 50, 51, 55, 60, 62, 71, 74, 76, 77, 78, 79, 85, 87, 88, 90, 92, 94
2, 9, 63, 82
2, 3, 6, 9, 10, 11, 13, 14, 17, 22, 25, 28, 29, 30, 33, 34, 36, 37, 39, 41, 43, 45, 46, 57, 60, 61, 62, 64, 66, 67, 68, 69, 70, 71, 72, 73, 77, 78, 79, 80, 81, 84, 87, 88, 91, 92, 93, 95
22, 43, 49, 92
2, 33, 40, 41, 46, 57, 60, 65, 79
2, 6, 18, 76, 89
2, 42, 46, 61
34, 56, 58, 61
2, 7, 12, 13, 40, 62, 64, 75, 78, 82
17, 66, 68, 86, 93
2, 18, 74, 85
2, 34, 42, 61, 70, 74, 77
2, 6, 18, 69, 82, 90
34, 43, 64, 66, 69, 76, 78, 92
17, 21, 25, 61, 65, 67, 76, 85, 91, 93
2, 18, 45, 52
2, 19, 23, 41, 65, 77, 82, 89
17, 21, 35, 69, 71, 79, 80, 82
3, 11, 87, 94
3, 4, 5, 17, 23, 30, 31, 35, 40, 46, 54, 62, 72, 84, 91
3, 25, 41, 72, 77, 79, 80, 84, 88, 90
3, 8, 10, 17, 22, 28, 44, 63, 65, 79, 92
3, 7, 11, 15, 36, 41, 69
3, 11, 37, 46
3, 11, 15, 33, 36, 45, 76, 87
3, 6, 11, 34, 54, 86
34, 61, 72, 74, 76, 83, 95
3, 11, 14, 16, 29, 45, 57, 83
3, 38, 64, 65, 70
3, 7, 70, 91
3, 11, 16, 19, 26, 29, 63, 67, 78, 79, 83, 89, 94
3, 14, 16, 32, 40, 64, 66, 81, 82, 86, 91
3, 12, 20, 37, 61, 64
3, 4, 9, 22, 26, 47, 52, 55, 56, 64, 78, 82, 88, 89
17, 28, 78, 82, 87, 94
54, 55, 86, 90
17, 49, 72, 94
3, 9, 27, 40, 65, 85
17, 34, 46, 50, 55, 66, 68
3, 73, 79, 89
3, 46, 75, 87
54, 66, 70, 82
3, 5, 31, 41, 45, 62, 76, 80
34, 61, 67, 68
3, 7, 18, 34, 45, 47, 61, 70, 75, 76, 79, 83, 86
3, 48, 84, 85
3, 4, 21, 48, 61, 80
35, 56, 58, 59, 72, 84
3, 18, 34, 50, 69, 87
35, 51, 65, 66
3, 11, 12, 26, 89
3, 28, 35, 53, 63, 76, 82, 90
17, 50, 52, 69
54, 56, 84, 87, 90
17, 38, 76, 85
17, 30, 41, 46, 55, 56, 57, 82, 87, 93
3, 35, 49, 58
3, 19, 36, 62, 63, 79, 83, 89, 94
3, 7, 18, 34, 45, 47, 61, 70, 75, 76, 79, 83, 86, 89
3, 5, 22, 31, 34, 41, 68, 74, 79, 89
17, 74, 87, 90
17, 45, 65, 73
17, 18, 42, 68
3, 13, 43, 49, 71
3, 11, 62, 93
3, 9, 33, 62, 66, 73
3, 74, 90, 95
35, 56, 58, 59, 72, 84
17, 28, 29, 37, 60, 81
3, 7, 11, 34, 38, 46, 50, 52, 57, 58, 64, 68, 71, 72, 73, 75, 78, 86
3, 15, 50, 75
3, 19, 33, 56, 82
3, 13, 17, 56, 68, 86
35, 40, 55, 86
35, 43, 47, 56, 74, 81
22, 47, 53, 59, 64, 68
17, 54, 70, 74
17, 20, 63, 69
17, 38, 76, 85
3, 8, 19, 45, 61, 67, 79, 89
17, 47, 75, 86
3, 4, 6, 10, 24, 54, 59, 83, 89
54, 86, 88, 89
3, 5, 12, 14, 23, 28, 37, 43, 47, 49, 64, 77, 79, 92, 94
3, 7, 36, 41
3, 26, 45, 73
3, 5, 31, 41, 45, 62, 76, 80
3, 19, 24, 27, 37, 50, 53, 55, 89
3, 9, 14, 37, 68, 86
3, 28, 30, 57
3, 4, 9, 11, 28, 30, 41, 46, 52, 54, 56, 58, 60, 62, 64, 72, 74, 75, 77, 78, 81, 84, 92, 94, 95
3, 11, 17, 44, 45
3, 7, 10, 14, 22, 47, 54, 60, 67
3, 23, 44, 62
17, 57, 75, 82, 89
3, 6, 21, 35, 38, 58, 61, 62, 70
17, 18, 26, 37, 39, 40, 42, 43, 47, 75, 86
17, 28, 29, 37, 60, 76, 81
3, 6, 13, 15, 41, 50, 76
3, 10, 17, 48, 62, 74, 76, 79, 91
3, 17, 26, 34, 69, 86, 88, 90
3, 9, 15, 20, 21, 23, 28, 40, 41, 46, 63, 68, 79, 86
17, 24, 37, 45, 56, 61
3, 4, 5, 7, 9, 10, 15, 16, 20, 22, 23, 26, 38, 39, 41, 42, 46, 47, 48, 49, 50, 52, 53, 54, 55, 56, 57, 63, 67, 70, 74, 76, 77, 82, 84, 85, 86, 88, 89, 90, 91, 93, 95
3, 28, 30, 57
3, 4, 36, 44, 45, 59
3, 30, 57, 92
17, 24, 25, 54
3, 16, 19, 23, 42, 49, 50, 58, 78, 84, 91
3, 35, 81, 82
20, 28, 33, 41
17, 20, 63, 69
17, 20, 55, 79
17, 34, 46, 50, 55, 66, 68
17, 55, 71, 84
3, 61, 62, 70
17, 20, 25, 91
17, 41, 46, 66, 71, 83, 92, 95
3, 41, 75, 79, 93
5, 25, 47, 55, 95
3, 31, 48, 71
17, 18, 20, 21, 26
17, 31, 54, 76
3, 11, 24, 76
54, 66, 78, 81, 87, 92
3, 6, 7, 10, 12, 13, 16, 34, 43, 52, 84, 88, 90, 93
3, 10, 11, 56, 60, 95
3, 6, 12, 55, 66, 76, 81, 86, 88
20, 33, 47, 56
3, 11, 14, 43
3, 24, 47, 48, 55, 56, 76, 92
3, 10, 63, 90
18, 25, 85, 89, 90
18, 19, 45, 53, 94
18, 25, 27, 29, 52
3, 6, 16, 17, 18, 21, 25, 30, 34, 39, 42, 45, 46, 48, 49, 52, 55, 56, 57, 59, 60, 63, 67, 76, 84, 85, 86, 94, 95
35, 36, 47, 50, 54, 71, 76, 90, 92
3, 11, 54, 79, 81, 83
34, 57, 71, 81
3, 11, 29, 30, 32, 40, 76, 81, 92
35, 40, 86, 95
18, 36, 41, 55
3, 13, 17, 68, 72, 86, 87
3, 26, 49, 62, 69, 78
3, 6, 24, 58, 88, 93
3, 22, 34, 60, 85
3, 5, 35, 39
3, 11, 14, 20, 31, 33, 37, 38, 52, 65, 73, 75, 78, 84
3, 9, 13, 22, 32, 82
54, 62, 67, 73, 83
3, 27, 38, 66, 73, 74, 88
3, 4, 5, 10, 17, 30, 32, 37, 44, 46, 50, 52, 54, 63, 65, 72, 85, 88, 89
54, 74, 77, 79
35, 40, 57, 65, 67
18, 33, 53, 55, 72, 87
3, 9, 22, 48, 50, 76, 82
18, 27, 48, 50, 62
3, 4, 13, 31, 36, 45, 70, 72, 85
18, 26, 54, 79, 94
3, 23, 44, 78, 84, 88
3, 4, 5, 7, 8, 11, 12, 13, 14, 15, 16, 17, 18, 20, 21, 22, 23, 25, 29, 30, 33, 36, 40, 42, 43, 44, 47, 54, 55, 57, 60, 61, 62, 64, 65, 66, 67, 68, 71, 73, 75, 77, 78, 81, 89, 91, 92
18, 36, 57, 59, 70
18, 27, 68, 74, 85
3, 30, 36, 47
3, 6, 37, 44, 74, 83, 90
3, 14, 21, 34, 42, 60, 70, 83
18, 28, 33, 35, 36, 47, 53, 56, 76, 77, 78, 79, 86, 91, 94
35, 39, 70, 92
3, 7, 15, 16, 20, 38, 46, 49, 56, 57, 58, 60, 62, 65, 67, 69, 82
3, 49, 82, 94
3, 25, 36, 47, 54, 55, 56, 69
3, 10, 40, 50, 81, 82, 92
3, 22, 25, 34, 40, 94
3, 12, 16, 29, 60
3, 46, 56, 83
3, 5, 11, 39, 54, 83, 86
18, 29, 32, 65, 77
3, 41, 66, 85, 88, 94
35, 62, 73, 90
18, 37, 39, 48, 78
18, 21, 35, 48, 50
3, 29, 41, 46, 77
3, 15, 27, 29, 34, 40, 45, 54
3, 11, 25, 27
3, 14, 23, 49, 59, 89
35, 60, 62, 72
35, 36, 48, 78
3, 6, 9, 14, 16, 18, 25, 29, 31, 32, 34, 39, 40, 41, 42, 45, 47, 48, 50, 52, 58, 59, 63, 64, 69, 82, 86, 93
35, 39, 74, 80
3, 6, 31, 65, 67, 68
18, 27, 38, 52, 94
35, 56, 58, 59, 72
3, 11, 12, 38
18, 23, 24, 27
18, 26, 38, 92
18, 24, 64, 92
3, 7, 11, 42
3, 24, 35, 79
18, 27, 35, 64
3, 5, 24, 25, 39, 79, 87
3, 12, 20, 64
3, 54, 57, 73
3, 4, 6, 7, 8, 14, 16, 18, 21, 22, 24, 25, 28, 30, 31, 33, 34, 43, 44, 46, 47, 49, 52, 53, 56, 60, 61, 64, 65, 66, 69, 74, 80, 84, 88, 89, 91, 92
18, 39, 45, 52, 81
3, 37, 40, 78
3, 6, 12, 20, 38
18, 40, 56, 71
18, 20, 22, 42, 53, 56, 68, 77
3, 4, 5, 13, 22, 27, 28, 34, 36, 37, 45, 49, 50, 52, 67, 68, 72, 74, 75, 77, 87, 91, 95
18, 29, 32, 65, 77
3, 27, 46, 50, 70, 73
3, 35, 50, 72
18, 44, 74, 78
3, 41, 44, 62, 72
3, 5, 43, 49, 71
3, 24, 38, 45
18, 29, 48, 73, 88
18, 88, 89, 93
3, 9, 19, 30, 33, 34, 35, 42, 50, 57, 58, 67, 68, 71, 72, 77, 91
3, 23, 46, 53, 75, 79, 94
3, 22, 41, 58, 68, 82
3, 5, 21, 46, 53, 70, 81, 92
3, 18, 33, 84, 93
3, 10, 26, 52, 78
18, 22, 26, 28, 42, 77
3, 18, 32, 46, 64
3, 42, 70, 85
3, 6, 8, 9, 11, 13, 14, 15, 16, 18, 19, 21, 24, 25, 26, 30, 37, 38, 42, 50, 52, 55, 62, 63, 65, 66, 67, 68, 69, 70, 71, 74, 76, 80, 81, 82, 86, 88, 90, 94
3, 4, 29, 34, 38, 55, 56, 63, 65, 70, 82
3, 73, 79, 89
3, 5, 22, 31, 34, 41, 68, 74, 79, 89
18, 39, 47, 76, 88
3, 16, 30, 59, 87
18, 19, 24, 25, 28, 35, 40, 43, 47, 79, 81, 88, 89
18, 29, 63, 69, 80
3, 16, 17, 21, 32, 42, 63, 66, 89
35, 37, 48, 69
18, 19, 23, 32, 33, 36, 62, 65, 71, 78, 89
18, 24, 64, 92
3, 16, 48, 83
18, 32, 39, 80
3, 36, 47, 76, 80
5, 10, 47, 69, 90
3, 8, 17, 85
3, 4, 11, 30, 64, 66
3, 23, 32, 56, 95
3, 5, 12, 14, 23, 28, 37, 43, 47, 49, 64, 77, 79, 92, 94
35, 46, 60, 84
31, 62, 66, 93
18, 27, 45, 50, 91
18, 19, 36, 44, 54
3, 6, 8, 11, 14, 16, 19, 27, 29, 31, 35, 37, 40, 42, 47, 48, 52, 57, 63, 66, 67, 69, 72, 74, 75, 77, 80, 81, 82, 84, 90, 91, 93
3, 26, 33, 35, 54, 65, 69, 88, 93
3, 43, 49, 56, 62, 69, 84
3, 7, 8, 11, 12, 14, 16, 18, 19, 21, 22, 27, 28, 31, 32, 33, 38, 42, 43, 44, 45, 47, 48, 54, 56, 57, 59, 60, 61, 62, 63, 65, 66, 68, 69, 70, 71, 72, 74, 75, 76, 77, 78, 79, 80, 82, 84, 85, 87, 88, 89, 90, 91, 93
3, 15, 19, 34, 95
3, 11, 21, 22, 33, 35, 43, 81
3, 16, 34, 46, 79
3, 15, 17, 69, 84
3, 13, 20, 26, 41, 59, 87
3, 34, 41, 52
3, 4, 28, 59
3, 32, 53, 54, 55
3, 6, 16, 19, 20, 29, 32, 49, 59, 60, 65, 69, 77
3, 7, 40, 69, 85, 88, 91
3, 29, 75, 94
31, 41, 46, 53, 89
3, 22, 25, 27, 32, 35, 37, 41, 42, 44, 49, 54, 56, 60, 65, 71, 74, 78, 81, 82, 83, 86, 88, 89, 90
35, 36, 63, 87, 88
3, 9, 18, 22, 29, 33, 34, 38, 39, 41, 46, 59, 62, 80, 81, 89, 93, 95
75, 88, 89, 93
3, 6, 15, 44, 52, 57, 58, 62, 80, 95
3, 5, 28, 29, 32, 39, 67, 71, 86
3, 4, 8, 15, 22, 25, 33, 35, 43, 45, 54, 64, 79, 89, 91
18, 24, 26, 28, 31, 41, 66, 67, 69, 77, 90, 93, 94
3, 17, 28, 37, 52, 67, 82
3, 4, 17, 34, 58, 75, 92
3, 12, 26, 89
3, 54, 57, 73
18, 22, 40, 65, 89
35, 71, 75, 77
35, 66, 67, 76
3, 4, 5, 6, 8, 17, 18, 20, 21, 22, 24, 25, 30, 32, 35, 36, 37, 40, 41, 49, 50, 52, 53, 54, 56, 57, 58, 59, 61, 62, 63, 64, 65, 68, 72, 74, 77, 79, 81, 85, 86, 88, 89, 90, 94
3, 4, 25, 82
35, 43, 78, 91
3, 4, 7, 8, 9, 11, 12, 13, 16, 25, 29, 30, 31, 32, 44, 46, 48, 53, 57, 58, 60, 61, 62, 64, 67, 68, 69, 70, 72, 75, 81, 82, 85, 89, 91, 94, 95
18, 22, 35, 52
35, 39, 42, 44, 54
35, 38, 64, 78
3, 28, 37, 40, 78
3, 9, 10, 31, 44, 53, 55, 65, 69, 71, 91
3, 4, 7, 8, 29, 31, 44, 46, 48, 53, 57, 58, 61, 62, 67, 68, 82
3, 32, 38, 64, 78
35, 55, 94, 95
3, 6, 9, 16, 18, 19, 29, 36, 38, 40, 59, 61, 76
18, 27, 32, 47, 48, 55, 59, 66, 71, 85
3, 59, 62, 84
18, 43, 48, 86
55, 77, 93, 94
3, 6, 15, 18, 20, 22, 24, 25, 28, 31, 33, 36, 37, 41, 43, 45, 49, 53, 54, 55, 56, 64, 69, 71, 72, 76, 77, 78, 79, 83, 84, 85, 86, 88, 92
3, 40, 65, 85
18, 55, 77, 85, 86, 93
3, 31, 62, 86, 91, 95
18, 38, 45, 79
3, 5, 16, 20, 84
55, 74, 84, 89
3, 7, 16, 37, 38, 40, 44, 47, 55, 66
3, 15, 17, 26, 31, 34, 37, 42, 43, 45, 46, 49, 56, 58, 64, 67, 68, 73, 77, 82, 85, 91
3, 10, 17, 62, 74, 76, 79, 91
3, 31, 54, 66, 77, 83
3, 15, 16, 45, 57, 58, 78, 81, 84
3, 4, 37, 40, 42, 66
18, 20, 27, 33, 41, 71, 73, 91
3, 28, 37, 40, 78
3, 11, 12, 14, 17, 25, 30, 35, 59, 64, 77
3, 24, 27, 33, 44, 70, 73, 74, 75, 89, 90
3, 6, 50, 69
3, 11, 38, 49, 75, 86, 89, 93, 95
3, 22, 82, 88
31, 42, 47, 73
3, 4, 25, 82
3, 10, 33, 35, 36, 46, 49, 54, 67, 75, 81, 90
18, 24, 31, 50, 58, 88
