23, 33, 75, 77
7, 21, 76, 88
7, 13, 18, 25, 27, 40, 41, 50, 82, 95
7, 31, 57, 71, 82, 86
7, 8, 21, 43, 48, 50, 56, 58, 66, 77, 81, 83, 87
7, 10, 11, 12, 15, 18, 28, 46
7, 14, 27, 72, 75
7, 34, 64, 65
23, 31, 33, 76, 84
7, 40, 47, 67
7, 25, 31, 43, 61, 65
23, 29, 63, 70, 89, 90
7, 10, 19, 30, 32, 40, 47, 60, 78, 81, 82, 89
41, 52, 54, 60, 65
7, 35, 38, 59, 83
23, 69, 72, 90
7, 8, 14, 18, 19, 27, 48, 50, 53, 57, 60, 61, 63, 69, 70, 74, 86, 88
47, 52, 54, 67, 87
7, 28, 87, 92
23, 31, 35, 60, 80
35, 39, 65, 80, 82, 95
7, 37, 42, 64, 70, 87, 94
23, 50, 56, 94
7, 20, 41, 77, 78
23, 33, 54, 57, 61, 68, 78
7, 19, 42, 60
23, 25, 26, 35, 36, 40, 45, 80, 91
23, 25, 35, 37, 38, 41, 56, 68, 80, 82, 84
7, 20, 21, 30, 47
7, 9, 16, 17, 18, 21, 23, 24, 25, 28, 38, 43, 44, 45, 46, 48, 53, 63, 64, 66, 67, 68, 72, 76, 77, 81, 82, 89, 90, 91, 94
7, 8, 54, 58
7, 12, 15, 23, 27, 38, 50, 57, 66, 69, 78
23, 31, 39, 80
23, 35, 69, 81, 83
7, 20, 26, 45, 52, 68, 82
7, 21, 27, 28, 29, 31, 45, 48, 82, 91
7, 15, 33, 42, 52, 79, 80, 89
23, 27, 41, 45, 68, 70, 71, 79, 81
23, 29, 70, 89
7, 16, 30, 36, 37, 46, 69
23, 27, 82, 87, 91
7, 32, 47, 77, 92
61, 70, 90, 91
7, 16, 36, 70, 74, 76
61, 66, 67, 70, 88
23, 27, 40, 43
61, 69, 80, 86
7, 19, 38, 39, 75, 83, 85
7, 16, 33, 92
7, 19, 66, 92
7, 9, 13, 16
7, 53, 63, 86
23, 29, 48, 56
41, 59, 70, 81, 82, 84, 87, 95
7, 46, 53, 72, 95
41, 74, 76, 81
7, 10, 12, 85
7, 12, 16, 21, 22, 42, 45, 53, 63, 66
7, 34, 38, 50, 79, 85, 90
61, 65, 70, 85
32, 66, 70, 71, 78
7, 10, 11, 25, 41, 81, 82, 86
23, 43, 68, 85
7, 37, 40, 43, 56, 77, 95
23, 69, 72, 90
7, 8, 9, 31, 50, 75
7, 15, 20, 55
7, 8, 25, 46, 64, 65, 93
7, 64, 74, 86, 94
7, 23, 29, 34, 52
7, 19, 23, 42, 44, 60, 68, 80, 86, 94
23, 66, 86, 88
23, 36, 64, 80
7, 29, 50, 54, 62, 66, 75, 76, 82, 87, 94, 95
61, 76, 77, 93
7, 23, 29, 34, 52
23, 42, 61, 89
7, 46, 58, 77
7, 22, 71, 80
23, 42, 78, 85
7, 52, 84, 89
7, 13, 15, 21, 23, 29, 38, 40, 60, 65
7, 29, 42, 44, 50, 56, 73, 80, 95
7, 27, 29, 35, 59, 62, 67, 71, 72, 89, 90
15, 16, 41, 58, 78, 92
7, 43, 50, 54, 55
23, 27, 70, 88
73, 74, 75, 92
7, 11, 29, 92
41, 56, 60, 87
23, 38, 42, 65, 76
7, 25, 42, 56, 67, 81
7, 28, 41, 50, 67
7, 17, 43, 59
7, 12, 35, 54, 64, 86
7, 14, 66, 73
7, 14, 19, 32, 95
7, 11, 13, 15, 19, 30, 31, 32, 34, 37, 46, 47, 50, 53, 67, 73, 74, 79, 80, 83, 91
7, 27, 44, 53, 64, 69
35, 55, 59, 70, 76
7, 30, 70, 94
41, 68, 70, 71
23, 26, 62, 90
7, 15, 27, 30
15, 20, 23, 38, 47, 55, 63, 66, 67, 86, 89, 91, 94
23, 37, 57, 77
7, 16, 37, 38, 40, 44, 47, 55
41, 47, 88, 93
7, 31, 37, 76
7, 21, 38, 39, 48, 51, 53, 55, 76, 86, 88, 90
41, 54, 74, 81
23, 71, 82, 83, 89
7, 40, 50, 60, 86
23, 54, 56, 63, 64, 79, 90
5, 8, 32, 60, 63, 64
7, 34, 38, 50, 79, 85, 90
7, 66, 76, 82, 83, 87
7, 27, 28, 29
23, 46, 85, 95
7, 13, 80, 87
7, 20, 21, 30, 47
41, 48, 55, 78
23, 26, 73, 87, 88
7, 8, 14, 15, 16, 21, 22, 29, 32, 33, 36, 46, 47, 48, 51, 55, 56, 57, 60, 63, 66, 68, 70, 74, 76, 80, 93, 94
7, 9, 23, 25, 29, 32, 35, 38, 39, 48, 65, 68, 77, 91, 92
7, 8, 10, 11, 12, 14, 15, 16, 19, 24, 28, 29, 30, 36, 39, 40, 44, 45, 47, 48, 51, 54, 55, 60, 64, 66, 67, 68, 69, 75, 76, 80, 81, 82, 85, 88, 92
7, 10, 13, 19, 28, 32, 39, 40, 58, 63, 68, 70, 78, 94
15, 20, 21, 46, 68, 71, 81, 94
7, 17, 18, 64
7, 26, 36, 56, 95
7, 15, 23, 32, 36, 47, 52, 61, 63, 66, 68, 69, 70, 86, 88, 91, 92
61, 71, 73, 76
7, 10, 28, 31, 47, 65, 86, 91
41, 46, 47, 92
41, 54, 66, 75
41, 53, 54, 61, 69, 70
7, 19, 24, 32, 69
7, 22, 27, 64
7, 10, 13, 22, 29, 58, 73, 74, 85
7, 37, 44, 51, 52, 54, 63, 64, 67, 69, 70, 92
23, 25, 35, 37, 38, 41, 56, 68, 80, 82, 84
7, 29, 65, 68
23, 49, 54, 69, 77, 81, 84
7, 20, 21, 30, 47
7, 72, 74, 76
7, 42, 49, 70
7, 16, 17, 32, 34, 35, 41, 42, 45, 48, 52, 68, 88, 91, 93
7, 23, 24, 28, 35, 46, 71, 76
7, 11, 56, 73, 88
7, 9, 11, 13, 23, 28, 39, 40, 42, 44, 53, 54, 55, 60, 80, 85, 86, 88, 95
7, 54, 60, 73
7, 11, 65, 80
7, 18, 21, 40
7, 12, 14, 15, 29, 42, 43, 54, 60, 61, 71, 73, 75, 77, 92
23, 30, 47, 70
7, 53, 61, 64, 76, 79, 87
23, 69, 72, 90
41, 48, 53, 74, 89
7, 19, 37, 46, 56, 57, 69, 75, 79, 92, 93
7, 16, 29, 55
23, 31, 32, 41, 46, 54, 74, 82, 87
7, 23, 29, 34, 52
7, 18, 27, 29, 43, 52, 57, 58, 59, 72, 73, 87, 89
41, 64, 74, 80
8, 35, 40, 41, 54, 67, 78, 90
23, 45, 53, 58, 89
8, 45, 48, 56, 68
8, 13, 53, 90
8, 41, 61, 89
8, 9, 37, 44
8, 38, 53, 55
41, 47, 61, 66, 82, 85
8, 22, 58, 86
23, 27, 33, 83, 84, 86, 92
8, 10, 55, 67, 77
23, 54, 57, 82, 95
23, 34, 40, 65, 87
8, 13, 23, 33, 56, 67, 76, 78, 91
8, 26, 55, 57
8, 9, 29, 33, 56, 59, 60, 81, 91
8, 13, 17, 66, 82, 94
23, 45, 53, 58, 89
23, 25, 35, 37, 38, 41, 56, 68, 80, 84
8, 12, 36, 90
8, 16, 17, 45, 53, 61, 77
8, 32, 35, 41
8, 11, 18, 22, 28, 31, 32, 39, 48, 53, 56, 58, 68, 72, 91
8, 9, 16, 19, 35, 57, 59, 82, 84, 88
8, 12, 13, 31, 61
8, 39, 73, 79
8, 12, 16, 19, 25, 27, 28, 30, 37, 41, 42, 48, 54, 55, 56, 61, 65, 66, 73, 76, 79, 85, 90, 92
8, 12, 13, 18, 21, 23, 25, 31, 32, 46, 53, 66, 75, 86, 91
8, 46, 66, 79
8, 11, 21, 65, 71, 75
8, 9, 11, 20, 27, 28, 30, 35, 37, 38, 43, 44, 47, 48, 53, 55, 57, 74, 77, 79, 83, 87, 93
8, 12, 30, 65, 73, 76
8, 12, 17, 18, 22, 34, 35, 40, 41, 42, 49, 58, 60, 63, 67, 69, 73, 80, 90, 94
8, 29, 43, 69, 81
23, 41, 50, 62, 88
61, 68, 77, 90, 95
23, 28, 31, 64
8, 11, 29, 53, 68, 70, 72, 78, 86, 89, 93
24, 32, 34, 45, 56, 64, 68, 76, 78, 87, 90
8, 19, 33, 85
41, 56, 60, 87
8, 26, 32, 59, 69
24, 32, 62, 65, 86
41, 46, 55, 56, 57
8, 13, 23, 33, 46, 52, 69
8, 27, 49, 79, 84
41, 43, 54, 63, 92
8, 15, 17, 20, 30, 33, 37, 50, 56, 57, 65, 68, 79, 86, 87
8, 9, 13, 16, 17, 18, 19, 22, 28, 37, 41, 42, 56, 57, 60, 63, 65, 72, 73, 74, 78, 79, 82, 83, 84
8, 16, 23, 48, 55, 64, 78
8, 35, 50, 78
24, 37, 39, 67, 70, 89
24, 34, 74, 88
24, 28, 38, 43, 46
24, 25, 36, 54, 63
8, 12, 38, 63, 91
8, 40, 72, 94
8, 15, 17, 20, 30, 33, 37, 50, 56, 65, 86, 87
8, 20, 25, 40
8, 17, 23, 43, 48
8, 17, 24, 25, 32, 37, 47, 50, 55, 60, 62, 69, 93
8, 42, 65, 94, 95
8, 21, 93, 95
5, 13, 52, 78
8, 27, 31, 45, 80, 86
8, 12, 17, 26, 28, 33, 50, 52, 54, 75, 80
24, 70, 77, 89, 91
8, 24, 57, 63, 81, 86
24, 40, 47, 54, 61
24, 69, 79, 95
8, 68, 73, 87
62, 63, 64, 90
24, 28, 52, 84, 91
61, 62, 66, 92
8, 29, 33, 44, 77, 86, 94
8, 37, 57, 81
41, 52, 53, 65, 66, 76
8, 19, 25, 33, 70, 85
24, 83, 87, 95
8, 15, 18, 46, 52, 58, 60, 63, 64, 70, 74, 79, 81, 86, 87
41, 58, 65, 81, 87
8, 16, 33, 35, 65, 85
24, 27, 29, 39, 52, 54, 65, 72, 78
24, 29, 31, 91
24, 37, 69, 79
8, 17, 22, 27, 31, 44, 58, 62, 67, 70, 78
8, 39, 41, 76
8, 30, 52, 72
8, 11, 18, 39, 58
41, 48, 62, 77
24, 25, 28, 41, 56, 82
8, 40, 58, 82
8, 17, 23, 25, 32
8, 30, 38, 63, 73, 74, 78
42, 44, 62, 80
24, 34, 58, 71, 84
8, 16, 34, 46
24, 42, 74, 85
35, 45, 55, 67
8, 18, 39, 48, 71, 75, 76, 81, 83
24, 38, 46, 48, 66, 67, 93
42, 59, 60, 78
8, 9, 13, 15, 17, 48, 55, 57, 59, 72, 90
24, 39, 60, 91
8, 12, 13, 18, 21, 23, 25, 31, 32, 46, 53, 66, 75, 86, 91
8, 38, 53, 59
8, 11, 14, 19, 21, 47, 49, 57, 64, 70, 71, 72, 73, 74, 82, 90
24, 44, 48, 49, 60, 63, 70, 78, 79, 94
24, 50, 54, 88
8, 57, 75, 77
24, 38, 63, 73
8, 63, 72, 80, 87
8, 63, 81, 89, 95
24, 46, 49, 58, 62, 76, 89
8, 33, 77, 79
32, 42, 59, 93
42, 61, 63, 66, 88
8, 9, 11, 46
8, 20, 70, 78, 90
8, 17, 22, 27, 31, 44, 58, 62, 67, 70
71, 74, 81, 87
8, 16, 17, 45, 53, 61, 77
8, 29, 38, 40, 47
24, 37, 38, 95
42, 48, 54, 60
52, 56, 81, 87, 95
42, 43, 44, 49, 62, 65, 71
8, 15, 16, 90
42, 48, 69, 86
8, 23, 41, 54, 68, 69, 72
8, 47, 50, 53, 60, 79
24, 40, 66, 70
8, 46, 71, 80, 91
24, 47, 52, 81
24, 49, 53, 88, 89, 93
8, 33, 41, 45, 47, 58, 69, 80, 95
8, 20, 30, 33, 83
42, 59, 60, 78
24, 43, 51, 74
24, 42, 66, 77
8, 24, 34, 43, 45, 79, 91
8, 46, 59, 64
8, 32, 80, 85
8, 11, 20, 91
26, 27, 48, 53, 60
8, 21, 54, 79, 85, 94
8, 35, 40, 41, 54, 67, 78
1, 13, 19, 40, 53, 95
42, 54, 71, 94
18, 55, 73, 78
8, 64, 71, 73, 94
24, 29, 50, 93
8, 68, 73, 87
24, 49, 89, 94
8, 22, 47, 52, 77
8, 30, 53, 72
42, 55, 57, 76, 89, 92
24, 25, 54, 68
8, 25, 46, 88, 95
5, 8, 12, 14, 15, 18, 25, 41, 57, 61
8, 9, 28, 88
42, 46, 50, 86, 89, 90
62, 63, 64, 90
24, 64, 75, 78
8, 18, 23, 44, 52, 58, 61, 63, 65, 66, 74, 89, 91, 92
8, 11, 22, 52, 62
8, 14, 29, 79, 80, 93
8, 41, 61, 89
8, 11, 21, 29, 37, 64
8, 15, 17, 18
62, 69, 75, 95
8, 16, 26, 40, 58, 59, 65, 69, 87
8, 19, 25, 33, 70, 85
8, 10, 18, 27, 28, 29, 30, 44, 49, 50, 52, 66, 79, 85, 93
8, 31, 37, 83, 86
8, 11, 61, 70
24, 48, 68, 71
24, 37, 86, 95
8, 17, 23, 31, 52, 59, 61, 62, 76
62, 81, 82, 87
24, 37, 73, 81
8, 27, 31, 38, 55, 60, 87, 88, 95
8, 10, 28, 42, 74, 76, 86, 94
32, 63, 70, 88, 92
24, 27, 37, 41, 58, 74, 81, 90
24, 27, 29, 39, 52, 54, 65, 72, 78
15, 21, 36, 68, 87
24, 50, 54, 88
24, 33, 36, 71
8, 50, 54, 61
8, 24, 26, 38, 42, 86
8, 23, 86, 91
8, 36, 62, 75, 90, 93
24, 44, 55, 60, 70
13, 61, 66, 83
8, 54, 86, 95
24, 26, 28, 50
24, 42, 56, 64, 76
8, 37, 57, 81
8, 13, 15, 16, 38, 48, 49, 50, 60, 71, 72, 81, 90, 95
24, 34, 46, 48
8, 15, 73, 82
8, 29, 33, 44, 77, 86, 94
24, 31, 55, 91
8, 46, 71, 80, 91
21, 32, 33, 35, 45
42, 49, 77, 79, 91, 95
42, 55, 59, 65, 82, 94
8, 12, 13, 18, 21, 23, 25, 31, 32, 46, 53, 66, 75, 86, 91
24, 28, 42, 50, 57, 78
8, 21, 22, 31, 33, 34, 41, 55, 60, 61, 64, 67, 72, 73, 88, 89
24, 42, 46, 53, 83, 87
8, 17, 20, 48, 50, 54
8, 34, 43, 49, 50, 54, 56, 57, 66, 69, 77, 89, 93
24, 44, 48, 49, 60, 63, 70, 78, 79, 94
8, 41, 45, 65, 72, 85
8, 14, 23, 94
42, 70, 79, 85
8, 18, 46, 50
8, 46, 71, 80, 91
24, 38, 42, 63, 86, 95
24, 28, 38, 43, 46
24, 61, 71, 87, 88
8, 25, 64, 73
8, 10, 12, 28, 33, 44, 45, 48, 56, 58, 60, 63, 71, 76, 78, 85, 88
8, 49, 78, 89
24, 47, 56, 87
24, 42, 45, 73
24, 42, 46, 53, 83, 87
21, 44, 48, 54, 83, 94, 95
8, 17, 22, 27, 31, 44, 58, 62, 67, 70
8, 42, 54, 85
8, 12, 38, 63, 91
8, 13, 28, 80
24, 38, 46, 48, 66, 67, 93
8, 19, 20, 35, 53
8, 27, 28, 56, 60, 86
24, 29, 61, 79
8, 35, 57, 78
15, 17, 20, 21, 22, 24, 26, 30, 43, 45, 47, 54, 74, 76, 81, 82, 87, 94, 95
8, 13, 14, 18, 35, 56, 58, 87
8, 12, 31, 61
8, 24, 57, 63, 81
8, 15, 25, 44, 47, 59, 72
8, 36, 62, 75, 90, 93
62, 63, 73, 92
8, 28, 37, 76, 79, 94
8, 48, 67, 76
8, 12, 14, 55, 59, 73, 76, 92
8, 13, 28, 80
8, 9, 22, 33, 75, 80, 83
