46986
14220
14223
14224
14235
14242
14246
112551
47017
14250
14253
14257
14259
14262
14263
14264
47033
14266
14277
14278
14282
14285
47061
14298
14312
47082
14321
14323
47097
13311
14333
14335
14342
47112
14345
14347
47116
14350
14351
47123
14362
47131
14367
47138
14373
14374
14376
14377
14390
47161
14396
14398
14401
47173
47174
14411
14416
14426
14434
79976
14444
14456
14459
14463
80000
73408
14471
47249
14486
14491
14493
80032
14498
14502
47274
14513
14515
14520
14526
47295
14529
14530
14533
47303
14538
14541
14542
14548
112856
40655
80096
14564
47341
47343
14579
14581
14584
73428
14586
80123
14592
14598
14601
47377
14614
14616
14620
14621
14627
14643
47414
14647
14658
14666
14671
14675
80214
14699
14715
14716
47491
14724
14727
14728
14732
14734
14738
47511
14747
14753
14761
80309
47543
14779
47548
80317
80318
14784
47554
80329
14808
80348
14820
14831
14837
14839
14841
14852
14866
14870
80408
47641
14874
14882
14883
14894
35252
14909
14912
47682
14918
47687
47688
14927
13412
47709
14955
14973
80511
47758
14992
14995
47773
15007
47779
15016
15024
47793
15028
15032
15033
47809
15042
47811
7969
15048
15053
15057
80594
15072
47849
15084
15092
15093
47886
15120
15122
47892
15129
78981
15140
73521
47913
47914
80685
15150
80688
80694
15159
15169
47938
15171
47941
47943
113482
15182
47951
15186
68067
47958
68069
15201
80738
47982
15229
47999
48007
15241
15242
48013
15250
15251
15255
15261
48039
15274
48047
48048
48053
15295
15297
15302
15308
15310
48079
15314
80853
48092
15334
15337
15343
15348
35326
15355
15357
15360
100865
15386
46255
15388
15390
15392
15397
15400
48172
48175
48177
48180
15421
15424
80962
15429
48198
15444
15446
62650
15454
48224
15457
48235
15470
15471
15476
15477
35348
15484
15487
81036
15503
81044
15515
48289
15529
15534
15540
113846
15548
15549
89974
15558
48328
15562
15581
48357
15590
15621
15624
15626
8066
15635
48404
48406
15647
15651
48430
15687
15690
35383
48463
48468
19001
48474
46309
48486
48493
48497
15732
15742
15746
48522
15756
35395
15770
15772
15773
15784
15786
48560
15806
48578
77575
15845
81383
48624
68180
48634
48638
48642
15876
15879
15885
48666
15899
15903
48678
81460
15925
48699
15932
15936
15938
15940
15945
48719
15955
15956
48745
48748
48761
48773
48774
35437
16017
29977
48798
48802
81581
16060
48830
16064
48840
16074
16075
16078
48852
81625
48861
48865
16099
16109
48881
48886
16123
16126
16129
81669
16134
16145
16148
81690
48926
16164
48939
16172
16189
16205
48974
16214
48990
81763
57319
111933
16244
49017
109654
