136492
38194
126516
5444
70981
70983
5450
5459
70997
38232
33679
71007
5472
5476
5477
5478
5486
5488
38257
5496
5498
5499
5501
5502
38273
5507
38285
5523
5524
5532
38317
38319
5552
5555
38324
5562
5568
71110
103886
5583
5587
71125
5592
5593
71142
5610
38382
5616
71153
38389
5633
38406
5639
71181
38415
38417
5650
5659
38430
5663
38433
5669
5675
5676
38445
5678
38453
5686
5687
38462
5699
5700
110177
38472
38478
5711
38483
5719
38488
38493
5727
38497
38509
5743
5744
38514
38528
5763
38533
104070
5769
5770
38540
38545
5790
5792
38561
104100
110397
5804
38576
38577
71347
5813
38597
5831
5832
38611
5848
5853
38622
5856
38625
104165
38631
71401
5877
71415
5880
5883
38654
38660
33750
5897
104203
44674
38670
71453
5921
38690
71459
5924
5931
71468
5940
38709
38710
5944
5947
5948
38719
5952
5957
5959
5968
71505
71514
38761
71541
6006
6012
6019
6022
38791
93847
6028
137103
6034
6035
6040
6044
6046
6058
38831
6067
6087
6090
6096
38866
44707
41666
6109
6111
6113
6114
6125
38900
6133
38913
6151
38921
33794
6158
38927
6164
6169
6180
38963
6196
6199
71740
6205
6206
6207
6211
6213
38983
6218
6224
71767
6234
71771
6236
6246
66579
6262
6266
39035
6276
39046
82968
6297
39075
39076
39082
39086
6323
6325
6330
68952
39109
6345
6346
6352
39124
6366
6368
6375
6385
39166
6406
6407
6413
39183
6417
6421
104735
61147
6436
6438
6442
6456
39229
6462
6469
6473
6480
39251
137556
72037
39270
6503
6505
6514
126697
6525
39299
6538
104843
6540
104846
39311
6545
6548
72092
72096
6563
39343
6576
6577
6579
39348
39349
39357
6594
6595
6601
6606
6607
6611
6615
39386
39388
44794
6623
6624
72167
6632
6633
6639
33877
6656
6657
6669
6673
6678
72216
6682
6683
6685
6690
6696
12039
72244
6710
39481
72253
6719
72261
39496
6730
6731
72270
6735
6745
39520
6753
6757
6759
6760
39529
6768
6779
6784
6785
39560
6807
39577
6812
6813
6834
105139
6839
6841
6851
6855
6856
6857
39628
39629
6864
72405
6870
6872
6879
72416
6881
33916
6892
39662
6900
39670
6907
44842
6914
6919
72458
105227
50306
39698
6937
6939
6940
6944
6953
39731
39734
39735
6969
39738
6974
39747
6985
6986
6988
39757
6996
72535
7006
7009
7010
39784
7017
7023
7028
12094
72573
72578
7049
7055
39831
7069
7081
7082
7083
7087
7090
7092
7095
7096
7098
7099
105405
7104
39875
72645
72649
7115
7117
7120
7122
7129
39900
38427
7140
39910
7143
7145
7150
39922
39925
6655
7166
7167
7170
44886
7174
7176
72713
7180
39951
7184
7185
39955
7193
7198
39967
7202
7207
7212
39981
72750
39986
39993
39996
72765
7238
7239
7250
7251
40024
40028
7261
7270
7274
72828
7293
7296
40068
72837
40070
7315
7316
7318
72855
7322
7325
7326
40101
7334
7341
7342
7348
7352
72891
7356
66762
72899
7366
7370
40144
17614
7386
7389
7391
7396
7398
40167
7407
40182
7419
40188
7425
39467
7431
7432
7437
7441
7442
7443
7449
7451
7452
7453
7454
40226
7461
7462
7471
7475
50398
7478
7479
7484
73021
7486
40256
7493
7494
7513
73050
40285
7520
7533
40306
7542
7544
7545
7551
7556
7557
7558
7559
73096
7562
7564
7565
7566
7569
7573
7581
40350
105029
40352
7591
40360
7594
7595
105909
7615
73152
7619
7622
7629
73166
7634
73172
7646
7647
40428
105965
40432
40443
7680
7684
7685
7697
40470
40479
40489
7722
7723
7724
7726
73266
40502
7738
7743
7745
7747
73292
73294
50445
40532
40536
40540
7776
40547
7783
106099
7797
7802
7803
7804
7806
7818
7820
7821
7831
7835
7836
40608
7841
40611
40620
7859
7863
7872
7877
40653
7886
7887
7890
7891
40660
7903
7904
45008
40676
40677
40678
40681
7918
40688
40689
7922
12243
7925
40694
40696
7930
106236
7935
7939
7942
45015
7953
7957
7966
40736
40737
40738
7976
73516
7984
72328
7988
73532
40767
8002
8003
8005
8014
8015
8023
8024
106339
8036
8042
106348
73588
40829
8064
40834
8072
40845
8080
8085
40860
40861
8099
8100
8101
40871
73642
8111
8113
8121
8123
8128
8132
8135
8138
40908
8141
73679
40918
40919
8160
8163
8165
8173
73717
73719
8184
73722
8191
40965
73739
8204
40975
40976
40983
8222
8225
40997
8244
8250
8253
8263
41032
8265
8271
41040
41041
8275
41044
8278
8282
41051
8284
8293
8294
41068
41070
8304
8309
8310
8312
8318
8319
41089
8325
8331
8342
8351
8352
8354
41126
8360
41129
41134
8375
73916
41149
41151
8387
41159
8393
12322
8400
8401
8407
8410
73948
66938
41185
41187
8426
8430
8435
8441
8443
8444
8445
8449
8466
8473
7920
8492
8493
8503
8507
66954
8510
74052
8528
139606
8543
8550
8564
41335
8569
8573
8576
8584
41355
74124
74127
8596
8598
74135
8601
41378
74150
74164
8630
8631
8635
8643
74182
8650
41422
8659
41433
106974
8672
8674
41444
8684
41454
8689
106994
8696
8701
8705
8707
8711
8712
41483
8718
8733
8744
8758
8769
8773
66999
8781
8784
41564
