35336
65964
2577
35346
2580
2581
2582
35351
2585
2587
2591
11355
2596
2606
2607
16819
2615
35384
2617
2620
2621
2622
35391
2626
2627
2628
2633
2634
2635
2636
2637
35406
2639
2640
2641
2643
35412
2645
2648
2649
35418
2656
2659
2663
2668
2669
2673
35443
2677
2682
2683
49600
2690
2691
35463
93292
35467
2701
2703
2704
35474
35478
2712
2713
2714
68252
2717
2721
2723
2725
2726
2734
35505
2739
2740
2741
2743
35513
2748
2752
35522
35526
2765
2773
35542
2777
35546
35547
2781
2783
68326
2793
35562
2797
2804
35573
2818
2821
2828
2830
2832
2834
35604
2838
2845
2846
35617
2850
35621
2855
2857
2860
2865
2868
35637
2870
2873
2874
2875
35645
35647
2881
2885
2887
2889
35658
2896
35665
2902
2905
2909
2911
2914
2915
2917
2920
2921
2923
33256
2931
2940
2943
2945
35714
2948
2950
2952
35723
35734
2967
2973
38725
2978
2979
2980
35752
2985
68523
35758
2992
2994
3005
35778
3014
101320
3017
3024
3030
3034
3035
3037
3038
71504
3042
3043
3046
3049
3050
68590
35828
3062
3064
35839
3076
3077
3080
3087
3088
3089
3091
35860
3093
3095
101402
3100
3101
3108
3111
101423
3122
3124
3125
66057
68666
3132
3143
3145
101450
68684
35920
3156
131598
3161
32839
3165
101470
3171
35943
3176
3177
35946
35952
3185
3186
3188
3190
68729
35963
35964
3198
11456
3203
3207
3208
68746
3214
3217
3222
35993
36000
68770
3237
3241
3250
3251
36020
3256
68809
3276
36045
3278
3279
36051
3285
3300
3301
3302
3312
3314
3319
101624
3323
36092
3326
3329
3334
3337
3346
3348
3357
3370
3371
3373
68910
75528
3377
68914
3381
36153
3388
3390
3391
3395
3400
36184
3421
3429
3434
3436
36205
3439
3448
3450
3451
3452
3455
3465
36234
3469
3472
3474
3479
3480
3481
3482
3483
36252
3493
3501
3504
3505
3515
36289
3531
3543
36314
3550
3552
36321
69090
69091
3567
36337
3575
36346
3583
69123
3588
3592
36361
3595
36369
3603
36372
3620
69158
3625
3626
33374
36406
36407
3642
3652
3655
69194
3669
3670
3676
69220
3688
3690
3695
36465
3702
3707
69244
3709
36482
3722
3731
3733
36503
3736
36505
36506
3741
36511
3756
3761
36532
3769
36539
36541
3796
3798
36567
3800
36573
36576
71632
36579
3818
3824
3829
3830
36599
3841
3842
36615
3851
71640
3858
36638
11569
3884
3888
36658
69428
3893
3897
36669
36671
3909
3912
134994
3924
33423
3934
3935
36708
36709
3946
3956
36727
3964
36733
3978
36753
3986
36756
3991
3996
4000
36778
4013
4017
4036
4041
4043
4044
4046
4047
4051
4054
4057
36826
36830
36832
4069
36838
4074
4083
60756
36863
4099
6145
36872
4120
36890
4123
69663
4134
4142
69679
43783
4147
4149
33460
69691
4163
36933
4168
4174
4176
4179
4181
4183
4185
4188
36961
4195
4199
4203
4220
4221
4222
4223
4224
4229
36998
4233
4235
4236
69773
4242
4246
4248
4250
4258
4260
37033
4266
4267
37054
4290
4292
69830
69838
4304
4311
4313
4314
69854
4319
4327
4329
37105
37112
4345
4346
4350
37121
37123
4358
69895
4364
102671
37138
4377
4378
4379
4380
4383
37152
37156
4392
37174
4408
37179
33505
4424
4448
37217
69988
4455
4456
4457
4458
37230
4465
37241
4482
70022
4489
4490
4491
4493
37266
4499
102806
37274
4511
4512
37284
4517
4520
37291
85574
4533
4534
37304
4538
70077
4546
4552
4553
37324
4560
4561
4570
70108
32886
4574
37347
37348
37349
4583
37356
77224
4595
4596
70134
70136
37373
4606
4608
4614
4615
4618
4621
37395
37399
4633
4649
4658
37430
4667
4668
4670
70208
4674
37443
4678
37457
4694
4695
4708
4712
4714
4717
4723
4724
4728
4731
4733
4737
4741
4747
4752
37521
4758
4759
4761
4775
4778
37550
4783
4784
4785
37554
4791
103096
4797
4803
4804
37573
70342
4807
4812
4815
4819
4823
4828
4831
37600
4836
70373
4840
4843
103149
4846
37615
37619
4853
4855
4856
4857
4861
4866
4868
4869
4873
4874
4875
4878
37649
103187
4884
4886
4887
4888
4892
4895
4897
37666
37668
4901
37671
37672
70441
4906
4908
4913
4914
37683
37684
4921
4929
4931
4932
37702
4935
4938
4941
4946
4948
4952
4953
37725
4960
37734
4971
4974
4977
4981
4982
4983
4984
37756
4990
4992
4994
4995
37764
5000
5001
37772
5006
37780
70551
5016
5023
103330
55452
37805
37808
37814
37824
5060
37831
5064
5066
5069
5070
5072
5076
37845
37848
37850
5087
5089
5092
33617
70632
5098
5099
5102
5104
5108
5112
37882
37887
5123
5125
5126
5130
70669
37903
5138
37907
104622
70679
5144
70682
5147
5149
5151
5152
37922
5156
5160
37937
5170
37940
5176
5177
5182
5190
5191
5192
5193
37963
37969
5205
5206
37983
5225
5231
5232
5237
5239
38011
5252
5260
70804
11801
38045
38046
5281
5288
70831
5300
103612
5313
38088
70857
5326
38099
5337
5342
5345
5353
5355
5357
5359
5361
70901
38148
5386
5387
5388
70929
38164
5403
5404
5407
103716
5414
5415
5419
