16253
49035
16270
16278
81815
49049
81826
49060
49065
16298
16299
16300
49069
16317
16323
16326
101025
16328
49097
49098
16333
16337
16338
16344
16345
16346
49133
16373
16387
16402
16411
16412
49190
49197
49215
16448
16449
16475
16477
49257
82028
16498
16504
16512
16513
49297
16538
49315
16548
16559
49328
49340
49341
82111
16576
49362
16600
16603
16606
16609
66021
49388
16623
16631
49404
16644
16649
16654
62851
16662
2778
82216
16682
16683
16687
16689
49463
16704
16715
49485
49487
49491
49492
49493
16739
16741
49510
16745
16750
82296
16766
16773
16776
16777
82316
16791
16796
49566
82338
16803
16808
49579
49587
41033
35572
16826
13727
16828
16832
16836
16839
49623
16860
16877
82419
82420
49654
16898
16905
16914
49684
16931
16932
16954
16965
16968
16972
49747
16980
16984
16989
16991
16992
17001
17012
49784
17026
82567
17034
17037
17040
17041
49815
17052
17062
17079
17085
82622
41077
17092
49870
17104
17108
17122
35623
17132
17135
17141
17143
17145
17149
17151
49928
82705
82708
49944
17179
17180
49949
17185
49961
49964
17197
17207
17208
17211
2869
82752
73867
17224
17228
82770
82777
17248
17254
17262
17275
17294
82842
17333
17336
17338
50107
17342
50113
82886
17353
17357
17363
50138
17378
17390
50165
17400
17409
50183
17419
17426
101209
50200
50209
50211
50213
17469
50238
17471
17476
50250
17489
35685
17521
17525
17527
17538
17547
83091
17561
17567
50341
83112
17593
50373
17606
50375
17610
50382
50384
17624
17626
50395
17630
50407
17642
17643
17661
2946
148759
17690
17696
46640
17703
17713
17715
17718
17723
17724
50493
50494
50496
17733
17737
17741
50515
83284
17749
17753
17755
17762
17768
17769
17778
17780
83318
83326
17793
83335
17801
17811
24814
17814
17830
17833
83370
17836
17840
17847
17853
17857
17861
83403
50636
50642
50644
17881
17886
17892
17895
17902
2984
17912
17931
50702
17935
68526
50719
17955
17959
83500
17978
17981
50770
18003
50774
50795
18033
50808
83583
46702
50848
46704
18089
50861
50865
18105
50887
18128
83696
18166
83703
50937
50943
18189
18210
50981
18226
101342
51003
18236
51010
18246
68579
51029
51031
51035
18275
18276
51046
51053
83826
83839
51075
18308
18309
51080
51082
18322
83860
18337
51111
51122
51128
18362
18363
51132
83910
18377
18379
51152
51153
18393
51164
18403
51173
51174
18410
18427
18429
18432
18447
18448
18457
18459
68613
51241
18476
18479
18485
18495
18496
18500
18511
18518
18535
51305
51310
51311
84080
18546
68627
18548
51320
51329
18567
18576
51349
51353
84128
51381
51386
18631
18637
18638
51408
51424
51425
