12248
12252
12262
12264
12272
12276
45048
12289
12290
12293
12295
45065
12299
45069
12304
12305
12310
45082
45084
45090
45091
12325
45098
12336
12342
12345
12349
45129
12363
12366
12374
45144
12383
45152
12386
12398
45757
77940
45187
12421
12423
12424
12432
77971
45212
45215
12448
12454
12455
45225
12471
12479
12485
45261
45262
12498
12501
12502
12521
12523
12531
45308
45309
12549
45320
12562
78100
12586
12587
78127
45360
12597
34868
45372
12609
12610
34870
12617
45389
12623
12625
12630
12636
12638
12641
12646
12653
12663
12666
45443
12676
12680
62188
12686
111002
12699
45473
12707
45486
40349
78257
78258
12733
12740
34892
12747
78286
12753
12755
45527
12764
45535
12768
12772
12773
73127
45552
12786
78323
12793
73130
45567
45570
12806
12816
45590
12830
12832
12836
12847
12850
12862
12864
12871
12873
12877
12879
12882
12885
12893
45663
12899
12902
12903
12906
12910
34920
12914
12915
12929
78469
12935
12939
12946
12955
12962
12964
45733
12974
12979
12980
12983
45756
12989
78529
12995
12997
12999
13003
111331
45797
45800
13038
13039
34942
45828
78601
13068
13070
13074
45847
45852
78622
45858
13099
13101
13103
67723
13126
13129
34958
45921
13155
45927
45931
45932
45939
13172
13176
13192
78732
13215
13232
13238
45897
13244
13252
13253
78794
13261
46030
13272
13273
46042
46046
13279
78816
13281
13287
13288
46064
13301
13306
13307
13141
13537
46092
13334
13335
46104
46105
46107
63592
13343
13344
13358
13363
13364
46133
46143
13376
78914
13380
13385
46154
13394
46165
46174
13407
13411
46180
13422
13423
13426
46197
13432
13433
13439
78979
46212
7702
46238
13471
13476
13487
13493
13498
13504
46273
46277
79053
45944
46305
13539
13541
13554
13555
13568
79105
13576
13586
13587
79124
106030
46364
13600
46373
13609
13610
13612
13613
13618
13626
46397
13636
35041
46410
111952
13650
46426
46435
13669
13674
13677
13685
46455
46458
46460
13696
13699
13711
13715
13717
46493
46495
46518
13767
46539
13776
13777
46550
7759
13788
13792
13795
13803
13804
13806
46575
13814
79355
79358
46591
13837
13842
46618
13859
13863
13864
79406
13872
46642
46652
13888
46660
13894
79436
79443
13928
73319
13934
13935
13936
46706
13939
46708
13941
46717
35093
79491
46725
13959
13965
46746
79520
46764
13999
14015
14019
46796
14043
14048
14049
46818
14052
14057
46836
46838
46843
46856
14094
46863
46040
46870
46871
14104
46873
14110
46881
14125
46894
46896
14129
46899
14132
46901
46912
46913
14149
14150
46919
14152
79691
79705
120496
46943
14177
14184
14185
14187
14189
14196
14197
14217
