12248
12252
12262
12264
12272
12276
45048
12289
12290
12293
12295
45065
12299
45069
12304
12305
12310
45082
45084
45090
45091
12325
45098
12336
12342
12345
12349
45129
12363
12366
12374
45144
12383
45152
12386
12398
45757
77940
45187
12421
12423
12424
12432
77971
45212
45215
12448
12454
12455
45225
12471
12479
12485
45261
45262
12498
12501
12502
12521
12523
12531
45308
45309
12549
45320
12562
78100
12586
12587
78127
45360
12597
34868
45372
12609
12610
34870
12617
45389
12623
12625
12630
12636
12638
12641
12646
12653
12663
12666
45443
12676
12680
62188
12686
111002
12699
45473
12707
45486
40349
78257
78258
12733
12740
34892
12747
78286
12753
12755
45527
12764
45535
12768
12772
12773
73127
45552
12786
78323
12793
73130
45567
45570
12806
12816
45590
12830
12832
12836
12847
12850
12862
12864
12871
12873
12877
12879
12882
12885
12893
45663
12899
12902
12903
12906
12910
34920
12914
12915
12929
78469
12935
12939
12946
12955
12962
12964
45733
12974
12979
12980
12983
45756
12989
78529
12995
12997
12999
13003
111331
45797
45800
13038
13039
34942
45828
78601
13068
13070
13074
45847
45852
78622
45858
13099
13101
13103
67723
13126
13129
34958
45921
13155
45927
45931
45932
45939
13172
13176
13192
78732
13215
13232
13238
45897
13244
13252
13253
78794
13261
46030
13272
13273
46042
46046
13279
78816
13281
13287
13288
46064
13301
13306
13307
13141
13537
46092
13334
13335
46104
46105
46107
63592
13343
13344
13358
13363
13364
46133
46143
13376
78914
13380
13385
46154
13394
46165
46174
13407
13411
46180
13422
13423
13426
46197
13432
13433
13439
78979
46212
7702
46238
13471
13476
13487
13493
13498
13504
46273
46277
79053
45944
46305
13539
13541
13554
13555
13568
79105
13576
13586
13587
79124
106030
46364
13600
46373
13609
13610
13612
13613
13618
13626
46397
13636
35041
46410
111952
13650
46426
46435
13669
13674
13677
13685
46455
46458
46460
13696
13699
13711
13715
13717
46493
46495
46518
13767
46539
13776
13777
46550
7759
13788
13792
13795
13803
13804
13806
46575
13814
79355
79358
46591
13837
13842
46618
13859
13863
13864
79406
13872
46642
46652
13888
46660
13894
79436
79443
13928
73319
13934
13935
13936
46706
13939
46708
13941
46717
35093
79491
46725
13959
13965
46746
79520
46764
13999
14015
14019
46796
14043
14048
14049
46818
14052
14057
46836
46838
46843
46856
14094
46863
46040
46870
46871
14104
46873
14110
46881
14125
46894
46896
14129
46899
14132
46901
46912
46913
14149
14150
46919
14152
79691
79705
120496
46943
14177
14184
14185
14187
14189
14196
14197
14217
46986
14220
14223
14224
14235
14242
14246
112551
47017
14250
14253
14257
14259
14262
14263
14264
47033
14266
14277
14278
14282
14285
47061
14298
14312
47082
14321
14323
47097
13311
14333
14335
14342
47112
14345
14347
47116
14350
14351
47123
14362
47131
14367
47138
14373
14374
14376
14377
14390
47161
14396
14398
14401
47173
47174
14411
14416
14426
14434
79976
14444
14456
14459
14463
80000
73408
14471
47249
14486
14491
14493
80032
14498
14502
47274
14513
14515
14520
14526
47295
14529
14530
14533
47303
14538
14541
14542
14548
112856
40655
80096
14564
47341
47343
14579
14581
14584
73428
14586
80123
14592
14598
14601
47377
14614
14616
14620
14621
14627
14643
47414
14647
14658
14666
14671
14675
80214
14699
14715
14716
47491
14724
14727
14728
14732
14734
14738
47511
14747
14753
14761
80309
47543
14779
47548
80317
80318
14784
47554
80329
14808
80348
14820
14831
14837
14839
14841
14852
14866
14870
80408
47641
14874
14882
14883
14894
35252
14909
14912
47682
14918
47687
47688
14927
13412
47709
14955
14973
80511
47758
14992
14995
47773
15007
47779
15016
15024
47793
15028
15032
15033
47809
15042
47811
7969
15048
15053
15057
80594
15072
47849
15084
15092
15093
47886
15120
15122
47892
15129
78981
15140
73521
47913
47914
80685
15150
80688
80694
15159
15169
47938
15171
47941
47943
113482
15182
47951
15186
68067
47958
68069
15201
80738
47982
15229
47999
48007
15241
15242
48013
15250
15251
15255
15261
48039
15274
48047
48048
48053
15295
15297
15302
15308
15310
48079
15314
80853
48092
15334
15337
15343
15348
35326
15355
15357
15360
100865
15386
46255
15388
15390
15392
15397
15400
48172
48175
48177
48180
15421
15424
80962
15429
48198
15444
15446
62650
15454
48224
15457
48235
15470
15471
15476
15477
35348
15484
15487
81036
15503
81044
15515
48289
15529
15534
15540
113846
15548
15549
89974
15558
48328
15562
15581
48357
15590
15621
15624
15626
8066
15635
48404
48406
15647
15651
48430
15687
15690
35383
48463
48468
19001
48474
46309
48486
48493
48497
15732
15742
15746
48522
15756
35395
15770
15772
15773
15784
15786
48560
15806
48578
77575
15845
81383
48624
68180
48634
48638
48642
15876
15879
15885
48666
15899
15903
48678
81460
15925
48699
15932
15936
15938
15940
15945
48719
15955
15956
48745
48748
48761
48773
48774
35437
16017
29977
48798
48802
81581
16060
48830
16064
48840
16074
16075
16078
48852
81625
48861
48865
16099
16109
48881
48886
16123
16126
16129
81669
16134
16145
16148
81690
48926
16164
48939
16172
16189
16205
48974
16214
48990
81763
57319
111933
16244
49017
109654
