51432
18673
19497
18681
18684
18688
18693
18699
51469
18704
18721
51494
18730
84267
18732
51505
18741
95967
18753
51522
74123
18760
51531
18778
51558
18793
51562
51574
18811
18813
18824
18842
51616
51634
18868
18891
18898
51667
51673
18916
51689
18927
117241
18952
117262
51735
117284
18981
18983
18985
18987
18995
51769
84549
19025
84576
19041
19044
19050
117361
68713
19064
51846
19087
51862
19098
19110
19114
19115
19132
19136
51916
51922
19156
117461
19158
51932
19166
19171
51940
19173
19177
19185
19187
35966
19209
51981
137031
19220
84776
52020
19257
19258
19265
19270
19272
19281
19283
19288
74212
19290
84831
52064
19299
35985
52073
19308
84846
19314
19318
84857
52094
19329
52102
14145
19338
19344
19351
52122
19365
19394
84934
52172
19412
19416
19421
19422
36005
19429
19433
19439
117744
19441
84983
84988
84990
19462
19464
19479
19483
52260
19494
52265
19501
19517
19519
19548
19549
19555
19559
19561
19563
19568
19569
52344
19588
52360
85134
19601
19602
52376
19609
19612
85171
19644
52413
19647
19653
19667
19672
19684
85224
19690
52460
19705
52475
52480
19718
19731
19739
19742
52518
52520
19758
19763
19764
19782
19784
19787
19791
19811
19816
19818
19824
19825
19828
19832
19837
52607
118162
52641
19880
52670
19912
85453
19920
52693
85475
19945
19950
85500
19966
19967
19978
19989
52761
52773
52778
52786
20020
20029
20038
20044
20045
20048
20049
20054
14265
20060
20061
52833
20072
52844
52850
20086
119602
52860
118398
20113
20116
85653
20121
52897
20143
85684
20150
52920
52928
52938
20172
20178
20187
20195
85738
52974
20211
20212
20220
85761
52996
20234
53003
74370
20246
53022
85800
20266
53039
20282
20289
20291
53060
53061
20310
53081
20323
20340
53113
20346
68927
85884
20351
20363
20369
134467
20372
20391
53161
85934
101704
85939
20409
85946
20413
20416
53186
20422
53194
53201
20434
20436
85983
53224
53227
20461
20466
20473
20476
58026
20483
20495
3416
86034
41646
20507
53279
20520
53294
20531
20533
86075
53317
20551
14348
20556
86094
118865
53337
20577
20578
20589
20590
20596
20606
118913
20613
20617
20619
20621
20622
53392
53396
20649
118960
53430
20672
20682
68984
53463
53473
36220
53489
53501
20736
20737
20741
20742
53528
30767
20767
53541
53545
20789
20816
53586
20820
20846
53626
20865
47169
86418
86420
20913
53686
20921
53692
20925
20932
53706
20939
20947
86486
20958
20964
53743
53751
53752
20986
20995
21009
53781
53783
53785
47194
21032
21042
21047
21055
53827
21071
21073
53849
21082
36283
21095
21102
21105
21107
21116
119437
21141
21142
21143
21146
21161
