21162
21169
21171
21175
21185
53958
21191
86740
53981
21241
58156
21261
21278
21298
54073
86848
21314
21327
101859
86877
21359
86900
86907
54152
21389
54161
86934
54167
21406
21408
54183
119721
21419
54189
21422
80029
54196
21433
21434
62908
54204
54212
86981
86982
21449
21451
21455
72729
54233
21469
21473
21476
54262
21500
21504
21513
87053
21530
54303
87074
21539
21548
21555
21558
54336
21578
21579
54358
21612
54384
87158
21629
47298
21662
21668
21685
21704
54473
21707
21708
63693
21712
21715
87252
21718
54492
21731
54500
54505
21756
21761
21768
54538
21771
9454
91013
54575
54578
21812
87352
21821
54591
54596
21830
21832
21835
21839
54611
41871
54620
21854
21857
87400
87402
21867
21871
21873
87411
54647
21885
54658
63725
21910
54684
21925
54701
21940
21945
21952
21959
21968
54738
87513
21991
21994
21998
22005
22008
22012
22015
87552
34558
36438
87561
22028
22029
87567
74670
120346
87584
54818
54822
22055
54824
120367
22064
120373
74677
54850
22086
56383
22091
22095
22098
22114
22119
22126
87674
41920
87698
54941
22181
22186
54960
87736
22203
22206
87743
22215
54986
22223
87764
54998
55000
22235
22237
22238
107472
55017
36477
55026
22265
55035
22270
22280
22290
55059
74714
22302
22304
87843
55077
22311
87851
55090
22348
55119
55121
55135
22388
55161
22397
22407
87944
22414
120720
22426
22440
55220
55227
22461
88001
88004
22470
22471
55247
22484
22487
22501
22505
22507
22511
22518
22546
120858
22555
22560
22576
22583
55354
22588
55359
88135
55375
22608
22610
22614
55389
22623
22625
22630
22632
88170
88195
55429
22668
22671
55440
22678
22681
22682
22684
55457
22690
55459
22693
22708
22719
88256
22723
88268
22740
22742
88279
22747
22748
88293
22760
22762
55531
22768
22770
22775
74794
22782
22783
22798
69336
22811
22823
22827
55597
55598
22831
22832
22838
22849
22871
55646
22885
22891
22894
88432
55668
55676
22910
55684
55686
22928
74819
88470
22937
55707
88482
22952
22953
88490
22961
88513
22986
22987
22988
55782
55787
23028
23033
23053
20228
23075
23081
88622
23096
55870
23104
23114
23121
23131
55910
23145
55919
23158
23160
55933
55937
23170
23171
121480
23181
23183
23194
23198
55976
23210
121517
23221
55991
74868
23229
56001
23235
58486
56006
56013
56016
23253
56024
23271
23280
121589
23287
23290
23291
23293
23305
23306
23310
23322
23331
3890
23352
23364
23372
23377
23405
69437
23414
23420
56189
23429
85825
23439
23442
23463
73887
23473
23474
23477
23478
23479
56252
56280
23517
23527
23531
23538
89085
23565
23575
121881
56346
56351
36699
56363
56366
23615
121920
23618
23627
89167
23636
23649
23650
23672
56450
23688
89225
23691
56462
23723
23728
23735
56509
56514
56515
56521
56524
56525
23761
23768
23775
96808
23801
23813
23816
23827
23831
23836
56613
56619
23861
42209
23888
56658
23896
23913
23916
102292
23933
23942
23944
23957
56742
89521
89522
23993
56765
56771
56778
24014
24020
56793
24030
24031
122337
24036
24042
24043
24047
24052
24053
24059
56851
24095
24107
56876
24109
113245
24127
24129
24139
24171
24175
24176
24177
24179
89719
89722
24191
56960
53184
24205
89744
24210
69572
24218
24235
24243
58654
57018
122556
89794
24259
24263
36812
24267
24271
24280
24285
24293
20433
89838
24309
24312
24323
102358
24343
69594
57133
89903
24368
24378
89915
24395
57177
57182
24418
24433
122741
24438
24452
24453
24461
24479
24484
57258
24499
24501
24506
57277
24511
24524
24528
24529
24531
57308
57315
24551
24554
36825
4095
24575
24582
106658
24595
24596
57365
24602
24610
24613
57385
4104
57397
24631
24636
24656
24673
90213
24679
77201
24690
24705
57486
24740
24745
57519
90289
24755
24756
57538
90309
24777
24778
24779
24789
24790
24796
24806
33560
57599
24836
24838
69678
24855
69683
24908
24913
24921
24928
24932
24948
90489
24956
24957
57730
24966
24977
57748
24992
25010
80628
25029
57801
57807
25047
57828
25068
57837
25089
57860
25103
90643
57883
57894
25146
25149
25154
25161
123469
25171
25176
90713
57960
25195
25203
25205
25213
25219
25220
90768
97049
25258
25266
58035
25268
25280
25287
25288
25294
58068
25310
25311
58084
25334
25349
90892
25358
25359
13938
25367
123672
25369
36997
25388
25390
58160
90937
25404
25416
25426
58212
108006
58220
25466
91004
25472
58245
58268
25511
58281
25524
91061
58295
25539
25542
91084
91088
91097
25577
25578
58356
25591
25599
25628
25631
91174
25653
25656
25659
91198
58431
58432
25668
25674
91211
58458
25695
58467
25704
25710
25718
25736
25740
25743
25760
25763
25769
25772
25784
25805
91348
25831
25838
58612
58626
25861
25862
25870
91407
25873
25880
25881
25886
25888
25892
58661
25905
80777
25926
25928
25940
58716
25954
25959
25963
25975
9791
102340
75328
25991
25997
91539
58776
58781
26016
58790
26030
58803
58806
26039
26041
26062
26069
58841
91612
58845
26091
26092
26093
26103
58874
91648
91651
58891
26125
26134
53510
58932
58936
91713
26183
26190
26192
26193
26195
91733
58970
58980
58982
26214
26224
58993
26227
26228
26232
26254
59024
26262
26272
26279
26292
26313
26317
91857
59090
26325
26333
26340
66345
69619
26369
26375
26385
59159
91928
26408
26409
26413
26419
59199
91977
