121920
23618
23627
89167
23636
23649
23650
23672
56450
23688
89225
23691
56462
23723
23728
23735
56509
56514
56515
56521
56524
56525
23761
23768
23775
96808
23801
23813
23816
23827
23831
23836
56613
56619
23861
42209
23888
56658
23896
23913
23916
102292
23933
23942
23944
23957
56742
89521
89522
23993
56765
56771
56778
24014
24020
56793
24030
24031
122337
24036
24042
24043
24047
24052
24053
24059
56851
24095
24107
56876
24109
113245
24127
24129
24139
24171
24175
24176
24177
24179
89719
89722
24191
56960
53184
24205
89744
24210
69572
24218
24235
24243
58654
57018
122556
89794
24259
24263
36812
24267
24271
24280
24285
24293
20433
89838
24309
24312
24323
102358
24343
69594
57133
89903
24368
24378
89915
24395
57177
57182
24418
24433
122741
24438
24452
24453
24461
24479
24484
57258
24499
24501
24506
57277
24511
24524
24528
24529
24531
57308
57315
24551
24554
36825
4095
24575
24582
106658
24595
24596
57365
24602
24610
24613
57385
4104
57397
24631
24636
24656
24673
90213
24679
77201
24690
24705
57486
24740
24745
57519
90289
24755
24756
57538
90309
24777
24778
24779
24789
24790
24796
24806
33560
57599
24836
24838
69678
24855
69683
24908
24913
24921
24928
24932
24948
90489
24956
24957
57730
24966
24977
57748
24992
25010
80628
25029
57801
57807
25047
57828
25068
57837
25089
57860
25103
90643
57883
57894
25146
25149
25154
25161
123469
25171
25176
90713
57960
25195
25203
25205
25213
25219
25220
90768
97049
25258
25266
58035
25268
25280
25287
25288
25294
58068
25310
25311
58084
25334
25349
90892
25358
25359
13938
25367
123672
25369
36997
25388
25390
58160
90937
25404
25416
25426
58212
108006
58220
25466
91004
25472
58245
58268
25511
58281
25524
91061
58295
25539
25542
91084
91088
91097
25577
25578
58356
25591
25599
25628
25631
91174
25653
25656
25659
91198
58431
58432
25668
25674
91211
58458
25695
58467
25704
25710
25718
25736
25740
25743
25760
25763
25769
25772
25784
25805
91348
25831
25838
58612
58626
25861
25862
25870
91407
25873
25880
25881
25886
25888
25892
58661
25905
80777
25926
25928
25940
58716
25954
25959
25963
25975
9791
102340
75328
25991
25997
91539
58776
58781
26016
58790
26030
58803
58806
26039
26041
26062
26069
58841
91612
58845
26091
26092
26093
26103
58874
91648
91651
58891
26125
26134
53510
58932
58936
91713
26183
26190
26192
26193
26195
91733
58970
58980
58982
26214
26224
58993
26227
26228
26232
26254
59024
26262
26272
26279
26292
26313
26317
91857
59090
26325
26333
26340
66345
69619
26369
26375
26385
59159
91928
26408
26409
26413
26419
59199
91977
