32769
4
6
7
10
65549
32791
32792
65561
26
27
32796
32
32803
42
43
48
65586
51
53
58
59
32830
71008
98370
67
69
71
78
82
83
84
32853
87
65628
95
97
71014
104
112
118
119
121
122
124
126
32895
32896
129
130
32900
32901
137
149
156
32925
32926
32927
160
32929
171
172
65709
174
175
178
32950
183
98489
189
195
200
32972
209
212
213
215
32985
220
223
230
233
234
243
246
247
33016
253
33023
32811
45836
264
266
275
278
281
65823
288
294
297
298
301
33070
307
308
65847
315
324
325
332
333
33105
344
345
5467
349
65888
361
366
373
377
382
383
81984
54678
65932
401
33170
414
416
418
423
33195
33196
432
435
440
443
445
448
65985
450
451
452
455
458
65995
464
468
32846
470
471
33241
476
33245
478
479
484
33253
488
497
500
33269
32852
509
511
512
66050
33287
33289
526
527
528
531
536
537
66076
542
547
33321
554
555
561
33330
564
567
568
569
574
33344
581
33351
585
33355
591
596
600
33370
603
606
607
66146
613
614
617
618
622
629
631
632
636
639
33408
644
98949
647
33421
655
656
662
664
665
671
672
683
689
692
33464
66233
698
43807
701
709
716
66256
724
728
737
742
744
745
753
763
766
769
770
781
783
784
789
33559
792
795
797
33568
33570
805
33577
810
817
131209
33592
828
33599
834
33608
33610
849
33622
860
861
863
864
865
33637
33638
66407
66414
887
889
71146
33663
66433
899
33668
33669
33672
33676
911
912
33689
923
925
33694
929
930
937
66477
949
952
955
32928
963
66500
99276
974
977
982
995
998
66538
6580
1005
66545
33778
1011
33780
1018
1022
33793
1026
65707
1033
1037
1038
99345
66578
1043
1045
1048
1053
1055
1056
1065
1069
1070
1071
1083
1088
1089
1090
33859
33861
1094
1102
1103
1109
33880
60261
1120
1121
1138
33907
1148
1151
33922
1156
1157
66696
1163
33939
66711
33944
1178
1187
1193
1197
66741
33974
1210
33979
1218
1221
1222
1226
1230
66770
1241
34014
103973
1250
1251
66791
1259
1262
66799
1269
66808
32980
99581
32981
1281
34054
32983
1292
1296
66834
1301
1302
1303
99611
34076
109445
1314
1317
1319
34088
1322
1323
1324
1326
1329
1333
1334
1336
34106
1339
1349
1358
1362
1366
1371
1378
34148
34151
1387
1391
1402
1403
1404
1414
1418
1423
1424
132498
1429
1430
1434
1438
66982
1456
1463
1474
54859
67013
1482
34252
1488
67025
1491
1496
1501
1502
34275
34281
1514
1518
1520
1522
1523
34296
1531
1532
1538
1542
34311
1550
1551
1552
1557
1559
1563
34334
34335
1574
1576
34346
1585
1586
1587
34356
1591
1594
1596
34372
99910
5729
1612
1624
1625
34398
1631
34405
1639
1641
34410
1643
1653
1655
1663
67201
99970
104045
1684
1689
1690
1697
1701
1702
67240
67242
5746
1712
1713
34484
67254
34487
1722
1723
1724
1734
1736
1741
1743
1744
67284
1750
1754
100059
98260
1762
1765
34534
67306
1773
34542
1775
67315
1790
22145
1800
1801
34572
1811
1817
34587
34601
34602
67371
34604
34605
34612
34614
1847
1850
1854
1856
1860
1861
1867
67404
67405
1870
1879
1880
1885
1887
1889
34659
1892
1898
34669
1908
1912
34681
1915
1916
1918
1920
1927
67465
1931
1936
1937
1938
1939
1944
1950
1952
1955
1957
1958
1959
34729
34730
1963
67502
1970
1971
104094
1975
1978
1982
1986
1989
1992
1997
34773
2006
2009
2018
76795
2021
2022
2023
2026
2028
2032
2036
2037
2038
2039
34819
2053
2055
34828
2061
2062
2063
34834
2067
2069
2077
2080
2081
2082
2085
2089
33117
34864
2099
2100
67637
2102
2105
2112
2113
2115
2116
2117
2124
2125
34894
2127
67666
2132
2133
67672
2141
2143
2145
2150
2152
2153
2154
2155
2157
2165
2166
34935
34936
2169
2174
67714
2181
2182
34951
2184
34954
2187
2190
2194
67731
2202
2209
2211
2221
2223
2224
2226
2229
67767
2236
2238
67775
2240
2248
2249
35018
2254
2255
2259
2260
2264
2265
2269
2270
2271
2273
2274
2277
2278
35051
2288
2292
33150
2298
2300
35069
67839
35079
2313
2316
2317
2320
2323
2325
2327
35099
2334
49541
2338
2339
2340
2346
2348
2350
2351
2355
2356
2358
2361
2362
2363
2364
2366
35135
2369
2370
2373
2375
2377
2381
2384
2387
2388
2389
2390
2391
2392
2393
2399
2400
2401
2405
2406
2409
2410
2411
2412
2418
2420
2426
2429
2437
2440
35210
2452
67990
2455
2458
2460
2461
2462
2464
35237
2470
2473
2475
2479
2484
16798
2486
2488
2492
2495
2498
2502
2506
2507
35276
2516
2521
2524
2527
2528
35299
2532
2533
2534
2535
2537
2538
2539
2542
35311
2548
5886
2550
2553
2554
2555
35324
2558
2561
2562
2563
2565
2566
35336
65964
2577
35346
2580
2581
2582
35351
2585
2587
2591
11355
2596
2606
2607
16819
2615
35384
2617
2620
2621
2622
35391
2626
2627
2628
2633
2634
2635
2636
2637
35406
2639
2640
2641
2643
35412
2645
2648
2649
35418
2656
2659
2663
2668
2669
2673
35443
2677
2682
2683
49600
2690
2691
35463
93292
35467
2701
2703
2704
35474
35478
2712
2713
2714
68252
2717
2721
2723
2725
2726
2734
35505
2739
2740
2741
2743
35513
2748
2752
35522
35526
2765
2773
35542
2777
35546
35547
2781
2783
68326
2793
35562
2797
2804
35573
2818
2821
2828
2830
2832
2834
35604
2838
2845
2846
35617
2850
35621
2855
2857
2860
2865
2868
35637
2870
2873
2874
2875
35645
35647
2881
2885
2887
2889
35658
2896
35665
2902
2905
2909
2911
2914
2915
2917
2920
2921
2923
33256
2931
2940
2943
2945
35714
2948
2950
2952
35723
35734
2967
2973
38725
2978
2979
2980
35752
2985
68523
35758
2992
2994
3005
35778
3014
101320
3017
3024
3030
3034
3035
3037
3038
71504
3042
3043
3046
3049
3050
68590
35828
3062
3064
35839
3076
3077
3080
3087
3088
3089
3091
35860
3093
3095
101402
3100
3101
3108
3111
101423
3122
3124
3125
66057
68666
3132
3143
3145
101450
68684
35920
3156
131598
3161
32839
3165
101470
3171
35943
3176
3177
35946
35952
3185
3186
3188
3190
68729
35963
35964
3198
11456
3203
3207
3208
68746
3214
3217
3222
35993
36000
68770
3237
3241
3250
3251
36020
3256
68809
3276
36045
3278
3279
36051
3285
3300
3301
3302
3312
3314
3319
101624
3323
36092
3326
3329
3334
3337
3346
3348
3357
3370
3371
3373
68910
75528
3377
68914
3381
36153
3388
3390
3391
3395
3400
36184
3421
3429
3434
3436
36205
3439
3448
3450
3451
3452
3455
3465
36234
3469
3472
3474
3479
3480
3481
3482
3483
36252
3493
3501
3504
3505
3515
36289
3531
3543
36314
3550
3552
36321
69090
69091
3567
36337
3575
36346
3583
69123
3588
3592
36361
3595
36369
3603
36372
3620
69158
3625
3626
33374
36406
36407
3642
3652
3655
69194
3669
3670
3676
69220
3688
3690
3695
36465
3702
3707
69244
3709
36482
3722
3731
3733
36503
3736
36505
36506
3741
36511
3756
3761
36532
3769
36539
36541
3796
3798
36567
3800
36573
36576
71632
36579
3818
3824
3829
3830
36599
3841
3842
36615
3851
71640
3858
36638
11569
3884
3888
36658
69428
3893
3897
36669
36671
3909
3912
134994
3924
33423
3934
3935
36708
36709
3946
3956
36727
3964
36733
3978
36753
3986
36756
3991
3996
4000
36778
4013
4017
4036
4041
4043
4044
4046
4047
4051
4054
4057
36826
36830
36832
4069
36838
4074
4083
60756
36863
4099
6145
36872
4120
36890
4123
69663
4134
4142
69679
43783
4147
4149
33460
69691
4163
36933
4168
4174
4176
4179
4181
4183
4185
4188
36961
4195
4199
4203
4220
4221
4222
4223
4224
4229
36998
4233
4235
4236
69773
4242
4246
4248
4250
4258
4260
37033
4266
4267
37054
4290
4292
69830
69838
4304
4311
4313
4314
69854
4319
4327
4329
37105
37112
4345
4346
4350
37121
37123
4358
69895
4364
102671
37138
4377
4378
4379
4380
4383
37152
37156
4392
37174
4408
37179
33505
4424
4448
37217
69988
4455
4456
4457
4458
37230
4465
37241
4482
70022
4489
4490
4491
4493
37266
4499
102806
37274
4511
4512
37284
4517
4520
37291
85574
4533
4534
37304
4538
70077
4546
4552
4553
37324
4560
4561
4570
70108
32886
4574
37347
37348
37349
4583
37356
77224
4595
4596
70134
70136
37373
4606
4608
4614
4615
4618
4621
37395
37399
4633
4649
4658
37430
4667
4668
4670
70208
4674
37443
4678
37457
4694
4695
4708
4712
4714
4717
4723
4724
4728
4731
4733
4737
4741
4747
4752
37521
4758
4759
4761
4775
4778
37550
4783
4784
4785
37554
4791
103096
4797
4803
4804
37573
70342
4807
4812
4815
4819
4823
4828
4831
37600
4836
70373
4840
4843
103149
4846
37615
37619
4853
4855
4856
4857
4861
4866
4868
4869
4873
4874
4875
4878
37649
103187
4884
4886
4887
4888
4892
4895
4897
37666
37668
4901
37671
37672
70441
4906
4908
4913
4914
37683
37684
4921
4929
4931
4932
37702
4935
4938
4941
4946
4948
4952
4953
37725
4960
37734
4971
4974
4977
4981
4982
4983
4984
37756
4990
4992
4994
4995
37764
5000
5001
37772
5006
37780
70551
5016
5023
103330
55452
37805
37808
37814
37824
5060
37831
5064
5066
5069
5070
5072
5076
37845
37848
37850
5087
5089
5092
33617
70632
5098
5099
5102
5104
5108
5112
37882
37887
5123
5125
5126
5130
70669
37903
5138
37907
104622
70679
5144
70682
5147
5149
5151
5152
37922
5156
5160
37937
5170
37940
5176
5177
5182
5190
5191
5192
5193
37963
37969
5205
5206
37983
5225
5231
5232
5237
5239
38011
5252
5260
70804
11801
38045
38046
5281
5288
70831
5300
103612
5313
38088
70857
5326
38099
5337
5342
5345
5353
5355
5357
5359
5361
70901
38148
5386
5387
5388
70929
38164
5403
5404
5407
103716
5414
5415
5419
136492
38194
126516
5444
70981
70983
5450
5459
70997
38232
33679
71007
5472
5476
5477
5478
5486
5488
38257
5496
5498
5499
5501
5502
38273
5507
38285
5523
5524
5532
38317
38319
5552
5555
38324
5562
5568
71110
103886
5583
5587
71125
5592
5593
71142
5610
38382
5616
71153
38389
5633
38406
5639
71181
38415
38417
5650
5659
38430
5663
38433
5669
5675
5676
38445
5678
38453
5686
5687
38462
5699
5700
110177
38472
38478
5711
38483
5719
38488
38493
5727
38497
38509
5743
5744
38514
38528
5763
38533
104070
5769
5770
38540
38545
5790
5792
38561
104100
110397
5804
38576
38577
71347
5813
38597
5831
5832
38611
5848
5853
38622
5856
38625
104165
38631
71401
5877
71415
5880
5883
38654
38660
33750
5897
104203
44674
38670
71453
5921
38690
71459
5924
5931
71468
5940
38709
38710
5944
5947
5948
38719
5952
5957
5959
5968
71505
71514
38761
71541
6006
6012
6019
6022
38791
93847
6028
137103
6034
6035
6040
6044
6046
6058
38831
6067
6087
6090
6096
38866
44707
41666
6109
6111
6113
6114
6125
38900
6133
38913
6151
38921
33794
6158
38927
6164
6169
6180
38963
6196
6199
71740
6205
6206
6207
6211
6213
38983
6218
6224
71767
6234
71771
6236
6246
66579
6262
6266
39035
6276
39046
82968
6297
39075
39076
39082
39086
6323
6325
6330
68952
39109
6345
6346
6352
39124
6366
6368
6375
6385
39166
6406
6407
6413
39183
6417
6421
104735
61147
6436
6438
6442
6456
39229
6462
6469
6473
6480
39251
137556
72037
39270
6503
6505
6514
126697
6525
39299
6538
104843
6540
104846
39311
6545
6548
72092
72096
6563
39343
6576
6577
6579
39348
39349
39357
6594
6595
6601
6606
6607
6611
6615
39386
39388
44794
6623
6624
72167
6632
6633
6639
33877
6656
6657
6669
6673
6678
72216
6682
6683
6685
6690
6696
12039
72244
6710
39481
72253
6719
72261
39496
6730
6731
72270
6735
6745
39520
6753
6757
6759
6760
39529
6768
6779
6784
6785
39560
6807
39577
6812
6813
6834
105139
6839
6841
6851
6855
6856
6857
39628
39629
6864
72405
6870
6872
6879
72416
6881
33916
6892
39662
6900
39670
6907
44842
6914
6919
72458
105227
50306
39698
6937
6939
6940
6944
6953
39731
39734
39735
6969
39738
6974
39747
6985
6986
6988
39757
6996
72535
7006
7009
7010
39784
7017
7023
7028
12094
72573
72578
7049
7055
39831
7069
7081
7082
7083
7087
7090
7092
7095
7096
7098
7099
105405
7104
39875
72645
72649
7115
7117
7120
7122
7129
39900
38427
7140
39910
7143
7145
7150
39922
39925
6655
7166
7167
7170
44886
7174
7176
72713
7180
39951
7184
7185
39955
7193
7198
39967
7202
7207
7212
39981
72750
39986
39993
39996
72765
7238
7239
7250
7251
40024
40028
7261
7270
7274
72828
7293
7296
40068
72837
40070
7315
7316
7318
72855
7322
7325
7326
40101
7334
7341
7342
7348
7352
72891
7356
66762
72899
7366
7370
40144
17614
7386
7389
7391
7396
7398
40167
7407
40182
7419
40188
7425
39467
7431
7432
7437
7441
7442
7443
7449
7451
7452
7453
7454
40226
7461
7462
7471
7475
50398
7478
7479
7484
73021
7486
40256
7493
7494
7513
73050
40285
7520
7533
40306
7542
7544
7545
7551
7556
7557
7558
7559
73096
7562
7564
7565
7566
7569
7573
7581
40350
105029
40352
7591
40360
7594
7595
105909
7615
73152
7619
7622
7629
73166
7634
73172
7646
7647
40428
105965
40432
40443
7680
7684
7685
7697
40470
40479
40489
7722
7723
7724
7726
73266
40502
7738
7743
7745
7747
73292
73294
50445
40532
40536
40540
7776
40547
7783
106099
7797
7802
7803
7804
7806
7818
7820
7821
7831
7835
7836
40608
7841
40611
40620
7859
7863
7872
7877
40653
7886
7887
7890
7891
40660
7903
7904
45008
40676
40677
40678
40681
7918
40688
40689
7922
12243
7925
40694
40696
7930
106236
7935
7939
7942
45015
7953
7957
7966
40736
40737
40738
7976
73516
7984
72328
7988
73532
40767
8002
8003
8005
8014
8015
8023
8024
106339
8036
8042
106348
73588
40829
8064
40834
8072
40845
8080
8085
40860
40861
8099
8100
8101
40871
73642
8111
8113
8121
8123
8128
8132
8135
8138
40908
8141
73679
40918
40919
8160
8163
8165
8173
73717
73719
8184
73722
8191
40965
73739
8204
40975
40976
40983
8222
8225
40997
8244
8250
8253
8263
41032
8265
8271
41040
41041
8275
41044
8278
8282
41051
8284
8293
8294
41068
41070
8304
8309
8310
8312
8318
8319
41089
8325
8331
8342
8351
8352
8354
41126
8360
41129
41134
8375
73916
41149
41151
8387
41159
8393
12322
8400
8401
8407
8410
73948
66938
41185
41187
8426
8430
8435
8441
8443
8444
8445
8449
8466
8473
7920
8492
8493
8503
8507
66954
8510
74052
8528
139606
8543
8550
8564
41335
8569
8573
8576
8584
41355
74124
74127
8596
8598
74135
8601
41378
74150
74164
8630
8631
8635
8643
74182
8650
41422
8659
41433
106974
8672
8674
41444
8684
41454
8689
106994
8696
8701
8705
8707
8711
8712
41483
8718
8733
8744
8758
8769
8773
66999
8781
8784
41564
8807
8808
8819
8824
8828
8831
41602
8841
8850
39705
41628
8863
41643
8878
41647
8887
8890
8893
8896
8898
8910
8916
41685
8918
41687
8923
74461
100681
41704
8939
74479
41714
74488
83412
8954
41724
41725
8969
41753
8991
8993
8994
8997
8998
9007
9010
9024
9025
9027
41807
9040
9042
74586
9055
41826
9059
74598
41838
41842
9075
9077
9078
9081
9085
9103
9106
9115
9116
9123
9129
41898
41902
9141
74680
9150
9151
9152
9163
9166
9168
1528
74706
9178
41951
41953
9209
107525
9223
9227
34306
9232
9246
42022
9258
1543
9262
74801
9267
42038
42039
42051
72545
74827
9294
9299
42068
9301
9316
74857
9327
42100
9334
9336
9348
9364
9378
74917
9382
9386
9387
9390
9394
9398
9399
74941
7029
9411
9412
9413
9414
9416
9425
9440
9441
74978
132341
9445
55962
42222
42227
9464
42244
75014
42248
9481
9482
9487
9492
75030
9497
9499
42270
75042
9515
9522
9523
107832
9536
9538
9540
9544
75087
9552
42321
9554
9558
9563
9572
9573
99900
9593
98521
75138
9608
9611
9612
9613
75156
9624
9628
140704
42402
42403
107945
42412
42414
42424
75198
9664
9665
9669
9672
75212
42450
9684
9689
9692
9695
42468
9701
9702
9704
9718
9722
42502
42503
75275
34393
9754
42532
9765
9769
72626
9774
9775
9780
9781
42551
9784
9787
42559
9792
108098
9795
75338
42571
9810
9811
9812
9813
75353
9819
9820
108127
42593
42594
9830
75367
42605
9843
75384
9851
9852
9863
9867
9868
9870
9872
9874
9878
9883
9891
9892
9894
42668
9901
9902
9903
9909
75449
9914
42683
67189
9922
42694
9929
42699
42700
75470
9936
9938
9947
42720
9955
9956
9960
9963
42733
9969
9971
9973
9974
9977
9987
9992
9998
75546
10019
10021
10025
42794
42795
10030
42805
10038
10040
10041
42817
10050
42819
10053
42825
10058
10059
42830
75599
10071
42840
10077
75614
42853
10087
42856
10089
10090
75627
108400
10101
10114
108425
10123
10124
10125
10128
10131
42906
10139
10141
42910
42915
10151
10161
10173
10174
42952
42958
10191
10197
10198
10200
75737
75745
42980
10216
10218
42987
10220
42995
42998
10232
10234
43009
75780
10245
10249
10256
108561
141330
10260
10263
43032
43043
34481
43054
10301
10304
43073
10311
43083
10316
10321
10326
10328
43098
67258
10344
10346
10349
10351
10365
43148
10382
10386
10391
43160
10397
43170
43171
10410
10441
10444
43219
10455
10460
10461
10468
43239
108778
10476
43245
10481
10484
10485
10489
10490
10493
10496
10503
43280
10513
10519
43298
10531
43305
43307
10542
76083
10549
10555
43326
76096
10569
108879
10578
43348
10589
10590
10592
10595
10596
42907
10606
10612
43381
10619
10622
10623
43404
1774
10646
10651
43427
10662
43431
10672
10677
10687
10692
10694
10706
10712
10722
10731
10735
10739
10741
10742
10746
10749
10750
10759
43531
43534
43543
43556
10791
43560
10793
43565
10803
10805
76347
109119
10816
43588
43593
10826
76363
43605
43606
43612
10860
43640
10874
10878
10880
43660
10895
43668
10907
76453
10922
10934
10939
76478
10948
10949
10951
10955
10956
10957
10958
10962
43741
43756
43763
10997
10999
43773
43776
43781
11015
11278
43787
76567
11033
11035
11039
11041
11047
11051
43829
11067
11069
43840
76613
11079
76621
11087
11094
11104
43873
11106
11108
11109
11110
83772
11114
33244
11141
11146
43929
11162
78320
76707
11172
11181
43953
11186
11197
11199
11200
109506
11203
11209
11218
43989
76758
43991
11226
43997
7333
11238
11242
11246
76784
44017
11253
11257
142330
12799
44031
11264
11267
44038
11273
44042
18263
44046
44047
72878
11287
76825
11290
11313
44082
44085
11338
11350
44123
76893
76902
11368
11372
76909
44144
11381
11383
11387
67434
11391
11399
11402
11404
44176
11411
44181
11415
44189
76958
11424
11427
11429
76972
11444
78366
76983
34676
11453
11454
44224
11459
11465
11472
34680
11476
11479
11482
11487
56529
11499
11500
65851
11517
11519
11521
11531
11532
11533
44305
77075
44315
72922
44318
11558
11559
11565
18312
44340
77110
11587
11588
11590
77137
44376
11610
11613
11617
11618
11621
11626
11634
11636
44407
11657
11660
44430
11665
11675
11678
11680
11685
11688
11692
11698
11704
11712
44483
44485
11722
11724
44503
44504
110041
11740
11746
44519
11754
11756
77293
11760
11761
11766
45653
44549
11784
11790
11794
11796
11798
44569
11802
11808
11809
11810
11814
11821
77360
44593
11830
11831
11832
11833
44603
11839
77377
11845
11853
11859
11860
11866
11867
11873
44644
11880
11882
11888
44663
11899
11901
11903
11904
11906
98598
11910
34754
11924
44693
11926
11927
11930
11931
11934
77474
11939
11941
11952
44723
11956
11958
11961
11965
11970
11974
11975
11984
44758
11998
44767
12002
44776
77545
12012
44786
12024
12026
12027
77564
12035
44807
44811
44812
12047
12060
77597
12063
12064
12066
44839
12072
12074
44854
12093
44862
12097
44870
44872
44875
12109
12110
12114
12118
44890
12123
12124
44893
12138
44909
12142
44911
12152
12154
44923
34794
7488
12162
12164
12168
12170
12171
12172
44941
44952
44957
73029
12205
12206
12213
44985
12218
77757
77760
44998
12233
12237
45006
12239
12240
45011
12247
12248
12252
12262
12264
12272
12276
45048
12289
12290
12293
12295
45065
12299
45069
12304
12305
12310
45082
45084
45090
45091
12325
45098
12336
12342
12345
12349
45129
12363
12366
12374
45144
12383
45152
12386
12398
45757
77940
45187
12421
12423
12424
12432
77971
45212
45215
12448
12454
12455
45225
12471
12479
12485
45261
45262
12498
12501
12502
12521
12523
12531
45308
45309
12549
45320
12562
78100
12586
12587
78127
45360
12597
34868
45372
12609
12610
34870
12617
45389
12623
12625
12630
12636
12638
12641
12646
12653
12663
12666
45443
12676
12680
62188
12686
111002
12699
45473
12707
45486
40349
78257
78258
12733
12740
34892
12747
78286
12753
12755
45527
12764
45535
12768
12772
12773
73127
45552
12786
78323
12793
73130
45567
45570
12806
12816
45590
12830
12832
12836
12847
12850
12862
12864
12871
12873
12877
12879
12882
12885
12893
45663
12899
12902
12903
12906
12910
34920
12914
12915
12929
78469
12935
12939
12946
12955
12962
12964
45733
12974
12979
12980
12983
45756
12989
78529
12995
12997
12999
13003
111331
45797
45800
13038
13039
34942
45828
78601
13068
13070
13074
45847
45852
78622
45858
13099
13101
13103
67723
13126
13129
34958
45921
13155
45927
45931
45932
45939
13172
13176
13192
78732
13215
13232
13238
45897
13244
13252
13253
78794
13261
46030
13272
13273
46042
46046
13279
78816
13281
13287
13288
46064
13301
13306
13307
13141
13537
46092
13334
13335
46104
46105
46107
63592
13343
13344
13358
13363
13364
46133
46143
13376
78914
13380
13385
46154
13394
46165
46174
13407
13411
46180
13422
13423
13426
46197
13432
13433
13439
78979
46212
7702
46238
13471
13476
13487
13493
13498
13504
46273
46277
79053
45944
46305
13539
13541
13554
13555
13568
79105
13576
13586
13587
79124
106030
46364
13600
46373
13609
13610
13612
13613
13618
13626
46397
13636
35041
46410
111952
13650
46426
46435
13669
13674
13677
13685
46455
46458
46460
13696
13699
13711
13715
13717
46493
46495
46518
13767
46539
13776
13777
46550
7759
13788
13792
13795
13803
13804
13806
46575
13814
79355
79358
46591
13837
13842
46618
13859
13863
13864
79406
13872
46642
46652
13888
46660
13894
79436
79443
13928
73319
13934
13935
13936
46706
13939
46708
13941
46717
35093
79491
46725
13959
13965
46746
79520
46764
13999
14015
14019
46796
14043
14048
14049
46818
14052
14057
46836
46838
46843
46856
14094
46863
46040
46870
46871
14104
46873
14110
46881
14125
46894
46896
14129
46899
14132
46901
46912
46913
14149
14150
46919
14152
79691
79705
120496
46943
14177
14184
14185
14187
14189
14196
14197
14217
46986
14220
14223
14224
14235
14242
14246
112551
47017
14250
14253
14257
14259
14262
14263
14264
47033
14266
14277
14278
14282
14285
47061
14298
14312
47082
14321
14323
47097
13311
14333
14335
14342
47112
14345
14347
47116
14350
14351
47123
14362
47131
14367
47138
14373
14374
14376
14377
14390
47161
14396
14398
14401
47173
47174
14411
14416
14426
14434
79976
14444
14456
14459
14463
80000
73408
14471
47249
14486
14491
14493
80032
14498
14502
47274
14513
14515
14520
14526
47295
14529
14530
14533
47303
14538
14541
14542
14548
112856
40655
80096
14564
47341
47343
14579
14581
14584
73428
14586
80123
14592
14598
14601
47377
14614
14616
14620
14621
14627
14643
47414
14647
14658
14666
14671
14675
80214
14699
14715
14716
47491
14724
14727
14728
14732
14734
14738
47511
14747
14753
14761
80309
47543
14779
47548
80317
80318
14784
47554
80329
14808
80348
14820
14831
14837
14839
14841
14852
14866
14870
80408
47641
14874
14882
14883
14894
35252
14909
14912
47682
14918
47687
47688
14927
13412
47709
14955
14973
80511
47758
14992
14995
47773
15007
47779
15016
15024
47793
15028
15032
15033
47809
15042
47811
7969
15048
15053
15057
80594
15072
47849
15084
15092
15093
47886
15120
15122
47892
15129
78981
15140
73521
47913
47914
80685
15150
80688
80694
15159
15169
47938
15171
47941
47943
113482
15182
47951
15186
68067
47958
68069
15201
80738
47982
15229
47999
48007
15241
15242
48013
15250
15251
15255
15261
48039
15274
48047
48048
48053
15295
15297
15302
15308
15310
48079
15314
80853
48092
15334
15337
15343
15348
35326
15355
15357
15360
100865
15386
46255
15388
15390
15392
15397
15400
48172
48175
48177
48180
15421
15424
80962
15429
48198
15444
15446
62650
15454
48224
15457
48235
15470
15471
15476
15477
35348
15484
15487
81036
15503
81044
15515
48289
15529
15534
15540
113846
15548
15549
89974
15558
48328
15562
15581
48357
15590
15621
15624
15626
8066
15635
48404
48406
15647
15651
48430
15687
15690
35383
48463
48468
19001
48474
46309
48486
48493
48497
15732
15742
15746
48522
15756
35395
15770
15772
15773
15784
15786
48560
15806
48578
77575
15845
81383
48624
68180
48634
48638
48642
15876
15879
15885
48666
15899
15903
48678
81460
15925
48699
15932
15936
15938
15940
15945
48719
15955
15956
48745
48748
48761
48773
48774
35437
16017
29977
48798
48802
81581
16060
48830
16064
48840
16074
16075
16078
48852
81625
48861
48865
16099
16109
48881
48886
16123
16126
16129
81669
16134
16145
16148
81690
48926
16164
48939
16172
16189
16205
48974
16214
48990
81763
57319
111933
16244
49017
109654
16253
49035
16270
16278
81815
49049
81826
49060
49065
16298
16299
16300
49069
16317
16323
16326
101025
16328
49097
49098
16333
16337
16338
16344
16345
16346
49133
16373
16387
16402
16411
16412
49190
49197
49215
16448
16449
16475
16477
49257
82028
16498
16504
16512
16513
49297
16538
49315
16548
16559
49328
49340
49341
82111
16576
49362
16600
16603
16606
16609
66021
49388
16623
16631
49404
16644
16649
16654
62851
16662
2778
82216
16682
16683
16687
16689
49463
16704
16715
49485
49487
49491
49492
49493
16739
16741
49510
16745
16750
82296
16766
16773
16776
16777
82316
16791
16796
49566
82338
16803
16808
49579
49587
41033
35572
16826
13727
16828
16832
16836
16839
49623
16860
16877
82419
82420
49654
16898
16905
16914
49684
16931
16932
16954
16965
16968
16972
49747
16980
16984
16989
16991
16992
17001
17012
49784
17026
82567
17034
17037
17040
17041
49815
17052
17062
17079
17085
82622
41077
17092
49870
17104
17108
17122
35623
17132
17135
17141
17143
17145
17149
17151
49928
82705
82708
49944
17179
17180
49949
17185
49961
49964
17197
17207
17208
17211
2869
82752
73867
17224
17228
82770
82777
17248
17254
17262
17275
17294
82842
17333
17336
17338
50107
17342
50113
82886
17353
17357
17363
50138
17378
17390
50165
17400
17409
50183
17419
17426
101209
50200
50209
50211
50213
17469
50238
17471
17476
50250
17489
35685
17521
17525
17527
17538
17547
83091
17561
17567
50341
83112
17593
50373
17606
50375
17610
50382
50384
17624
17626
50395
17630
50407
17642
17643
17661
2946
148759
17690
17696
46640
17703
17713
17715
17718
17723
17724
50493
50494
50496
17733
17737
17741
50515
83284
17749
17753
17755
17762
17768
17769
17778
17780
83318
83326
17793
83335
17801
17811
24814
17814
17830
17833
83370
17836
17840
17847
17853
17857
17861
83403
50636
50642
50644
17881
17886
17892
17895
17902
2984
17912
17931
50702
17935
68526
50719
17955
17959
83500
17978
17981
50770
18003
50774
50795
18033
50808
83583
46702
50848
46704
18089
50861
50865
18105
50887
18128
83696
18166
83703
50937
50943
18189
18210
50981
18226
101342
51003
18236
51010
18246
68579
51029
51031
51035
18275
18276
51046
51053
83826
83839
51075
18308
18309
51080
51082
18322
83860
18337
51111
51122
51128
18362
18363
51132
83910
18377
18379
51152
51153
18393
51164
18403
51173
51174
18410
18427
18429
18432
18447
18448
18457
18459
68613
51241
18476
18479
18485
18495
18496
18500
18511
18518
18535
51305
51310
51311
84080
18546
68627
18548
51320
51329
18567
18576
51349
51353
84128
51381
51386
18631
18637
18638
51408
51424
51425
51432
18673
19497
18681
18684
18688
18693
18699
51469
18704
18721
51494
18730
84267
18732
51505
18741
95967
18753
51522
74123
18760
51531
18778
51558
18793
51562
51574
18811
18813
18824
18842
51616
51634
18868
18891
18898
51667
51673
18916
51689
18927
117241
18952
117262
51735
117284
18981
18983
18985
18987
18995
51769
84549
19025
84576
19041
19044
19050
117361
68713
19064
51846
19087
51862
19098
19110
19114
19115
19132
19136
51916
51922
19156
117461
19158
51932
19166
19171
51940
19173
19177
19185
19187
35966
19209
51981
137031
19220
84776
52020
19257
19258
19265
19270
19272
19281
19283
19288
74212
19290
84831
52064
19299
35985
52073
19308
84846
19314
19318
84857
52094
19329
52102
14145
19338
19344
19351
52122
19365
19394
84934
52172
19412
19416
19421
19422
36005
19429
19433
19439
117744
19441
84983
84988
84990
19462
19464
19479
19483
52260
19494
52265
19501
19517
19519
19548
19549
19555
19559
19561
19563
19568
19569
52344
19588
52360
85134
19601
19602
52376
19609
19612
85171
19644
52413
19647
19653
19667
19672
19684
85224
19690
52460
19705
52475
52480
19718
19731
19739
19742
52518
52520
19758
19763
19764
19782
19784
19787
19791
19811
19816
19818
19824
19825
19828
19832
19837
52607
118162
52641
19880
52670
19912
85453
19920
52693
85475
19945
19950
85500
19966
19967
19978
19989
52761
52773
52778
52786
20020
20029
20038
20044
20045
20048
20049
20054
14265
20060
20061
52833
20072
52844
52850
20086
119602
52860
118398
20113
20116
85653
20121
52897
20143
85684
20150
52920
52928
52938
20172
20178
20187
20195
85738
52974
20211
20212
20220
85761
52996
20234
53003
74370
20246
53022
85800
20266
53039
20282
20289
20291
53060
53061
20310
53081
20323
20340
53113
20346
68927
85884
20351
20363
20369
134467
20372
20391
53161
85934
101704
85939
20409
85946
20413
20416
53186
20422
53194
53201
20434
20436
85983
53224
53227
20461
20466
20473
20476
58026
20483
20495
3416
86034
41646
20507
53279
20520
53294
20531
20533
86075
53317
20551
14348
20556
86094
118865
53337
20577
20578
20589
20590
20596
20606
118913
20613
20617
20619
20621
20622
53392
53396
20649
118960
53430
20672
20682
68984
53463
53473
36220
53489
53501
20736
20737
20741
20742
53528
30767
20767
53541
53545
20789
20816
53586
20820
20846
53626
20865
47169
86418
86420
20913
53686
20921
53692
20925
20932
53706
20939
20947
86486
20958
20964
53743
53751
53752
20986
20995
21009
53781
53783
53785
47194
21032
21042
21047
21055
53827
21071
21073
53849
21082
36283
21095
21102
21105
21107
21116
119437
21141
21142
21143
21146
21161
21162
21169
21171
21175
21185
53958
21191
86740
53981
21241
58156
21261
21278
21298
54073
86848
21314
21327
101859
86877
21359
86900
86907
54152
21389
54161
86934
54167
21406
21408
54183
119721
21419
54189
21422
80029
54196
21433
21434
62908
54204
54212
86981
86982
21449
21451
21455
72729
54233
21469
21473
21476
54262
21500
21504
21513
87053
21530
54303
87074
21539
21548
21555
21558
54336
21578
21579
54358
21612
54384
87158
21629
47298
21662
21668
21685
21704
54473
21707
21708
63693
21712
21715
87252
21718
54492
21731
54500
54505
21756
21761
21768
54538
21771
9454
91013
54575
54578
21812
87352
21821
54591
54596
21830
21832
21835
21839
54611
41871
54620
21854
21857
87400
87402
21867
21871
21873
87411
54647
21885
54658
63725
21910
54684
21925
54701
21940
21945
21952
21959
21968
54738
87513
21991
21994
21998
22005
22008
22012
22015
87552
34558
36438
87561
22028
22029
87567
74670
120346
87584
54818
54822
22055
54824
120367
22064
120373
74677
54850
22086
56383
22091
22095
22098
22114
22119
22126
87674
41920
87698
54941
22181
22186
54960
87736
22203
22206
87743
22215
54986
22223
87764
54998
55000
22235
22237
22238
107472
55017
36477
55026
22265
55035
22270
22280
22290
55059
74714
22302
22304
87843
55077
22311
87851
55090
22348
55119
55121
55135
22388
55161
22397
22407
87944
22414
120720
22426
22440
55220
55227
22461
88001
88004
22470
22471
55247
22484
22487
22501
22505
22507
22511
22518
22546
120858
22555
22560
22576
22583
55354
22588
55359
88135
55375
22608
22610
22614
55389
22623
22625
22630
22632
88170
88195
55429
22668
22671
55440
22678
22681
22682
22684
55457
22690
55459
22693
22708
22719
88256
22723
88268
22740
22742
88279
22747
22748
88293
22760
22762
55531
22768
22770
22775
74794
22782
22783
22798
69336
22811
22823
22827
55597
55598
22831
22832
22838
22849
22871
55646
22885
22891
22894
88432
55668
55676
22910
55684
55686
22928
74819
88470
22937
55707
88482
22952
22953
88490
22961
88513
22986
22987
22988
55782
55787
23028
23033
23053
20228
23075
23081
88622
23096
55870
23104
23114
23121
23131
55910
23145
55919
23158
23160
55933
55937
23170
23171
121480
23181
23183
23194
23198
55976
23210
121517
23221
55991
74868
23229
56001
23235
58486
56006
56013
56016
23253
56024
23271
23280
121589
23287
23290
23291
23293
23305
23306
23310
23322
23331
3890
23352
23364
23372
23377
23405
69437
23414
23420
56189
23429
85825
23439
23442
23463
73887
23473
23474
23477
23478
23479
56252
56280
23517
23527
23531
23538
89085
23565
23575
121881
56346
56351
36699
56363
56366
23615
121920
23618
23627
89167
23636
23649
23650
23672
56450
23688
89225
23691
56462
23723
23728
23735
56509
56514
56515
56521
56524
56525
23761
23768
23775
96808
23801
23813
23816
23827
23831
23836
56613
56619
23861
42209
23888
56658
23896
23913
23916
102292
23933
23942
23944
23957
56742
89521
89522
23993
56765
56771
56778
24014
24020
56793
24030
24031
122337
24036
24042
24043
24047
24052
24053
24059
56851
24095
24107
56876
24109
113245
24127
24129
24139
24171
24175
24176
24177
24179
89719
89722
24191
56960
53184
24205
89744
24210
69572
24218
24235
24243
58654
57018
122556
89794
24259
24263
36812
24267
24271
24280
24285
24293
20433
89838
24309
24312
24323
102358
24343
69594
57133
89903
24368
24378
89915
24395
57177
57182
24418
24433
122741
24438
24452
24453
24461
24479
24484
57258
24499
24501
24506
57277
24511
24524
24528
24529
24531
57308
57315
24551
24554
36825
4095
24575
24582
106658
24595
24596
57365
24602
24610
24613
57385
4104
57397
24631
24636
24656
24673
90213
24679
77201
24690
24705
57486
24740
24745
57519
90289
24755
24756
57538
90309
24777
24778
24779
24789
24790
24796
24806
33560
57599
24836
24838
69678
24855
69683
24908
24913
24921
24928
24932
24948
90489
24956
24957
57730
24966
24977
57748
24992
25010
80628
25029
57801
57807
25047
57828
25068
57837
25089
57860
25103
90643
57883
57894
25146
25149
25154
25161
123469
25171
25176
90713
57960
25195
25203
25205
25213
25219
25220
90768
97049
25258
25266
58035
25268
25280
25287
25288
25294
58068
25310
25311
58084
25334
25349
90892
25358
25359
13938
25367
123672
25369
36997
25388
25390
58160
90937
25404
25416
25426
58212
108006
58220
25466
91004
25472
58245
58268
25511
58281
25524
91061
58295
25539
25542
91084
91088
91097
25577
25578
58356
25591
25599
25628
25631
91174
25653
25656
25659
91198
58431
58432
25668
25674
91211
58458
25695
58467
25704
25710
25718
25736
25740
25743
25760
25763
25769
25772
25784
25805
91348
25831
25838
58612
58626
25861
25862
25870
91407
25873
25880
25881
25886
25888
25892
58661
25905
80777
25926
25928
25940
58716
25954
25959
25963
25975
9791
102340
75328
25991
25997
91539
58776
58781
26016
58790
26030
58803
58806
26039
26041
26062
26069
58841
91612
58845
26091
26092
26093
26103
58874
91648
91651
58891
26125
26134
53510
58932
58936
91713
26183
26190
26192
26193
26195
91733
58970
58980
58982
26214
26224
58993
26227
26228
26232
26254
59024
26262
26272
26279
26292
26313
26317
91857
59090
26325
26333
26340
66345
69619
26369
26375
26385
59159
91928
26408
26409
26413
26419
59199
91977
26446
26448
26450
26452
26453
59235
59254
26498
26501
26502
26507
26516
26538
26566
59336
26577
59351
59371
92142
26617
59405
26639
59417
59420
26657
26666
26667
26674
26676
26685
59455
26707
26714
59483
138372
59496
59517
59519
59533
26769
26775
26800
26803
26806
26807
26833
26835
59606
26841
26847
26850
59635
26889
26895
26909
97328
59694
26931
26949
26956
26957
26960
59731
26982
92532
80960
27017
27019
92561
59795
59798
27042
27047
59829
27066
27072
27076
27087
59860
75513
59866
27104
27105
59875
27109
27121
27127
27149
27151
27154
27163
27175
59945
27181
42760
27196
59980
59981
27220
27233
27241
27243
27246
27250
27252
27254
27257
60038
27277
27279
60050
27284
27298
27315
27319
27326
27328
27337
27340
60110
60111
27349
27350
60125
27360
92898
60136
113788
27375
27376
27379
27384
27392
27396
27401
27409
42798
94750
60197
92971
37341
27443
42808
86500
27484
27493
27494
93046
27520
27533
60314
60327
27567
27583
27597
93138
27609
60390
60393
4605
64681
27641
60429
10072
27670
27675
125989
27694
27702
60474
27714
27747
27752
81084
42855
60524
27759
10088
27762
27766
60537
27776
44570
27798
27802
27806
27811
81094
27825
27827
27835
93376
27844
60619
27898
27899
93438
97494
27928
60709
27944
27952
27963
27970
4662
27979
27987
27988
27994
27997
28002
28003
28008
60778
60784
28021
60797
28036
60817
28058
28067
28071
93613
28078
28080
28082
28085
93633
28099
60870
60876
10147
28118
28121
28122
60903
93678
28144
28151
28166
28167
28173
28179
28193
28201
28205
28211
28212
60992
28225
28226
28227
28234
28236
28252
28262
28263
61049
28288
61058
28293
61062
28300
28308
28311
28312
28314
93854
28320
28322
28324
28338
103510
28365
28371
75726
28374
28379
28382
126693
53884
28394
28434
28437
28438
93999
94000
61239
28477
126784
28483
28485
28487
28493
28494
28502
28510
28527
28528
94072
92139
28549
28553
28565
28595
61366
28601
61380
28613
28628
28629
61413
28647
61417
28650
61419
28672
28680
61481
28718
28731
94275
28740
61521
28759
28771
61545
28797
61572
28821
36967
28828
28831
61613
28849
28858
28885
28888
28894
61667
28918
61693
28934
28947
28951
28952
28954
28960
70364
28971
28973
94802
28985
28996
61772
29010
94547
61805
94589
29055
61831
29068
29069
29072
29082
29084
29088
94632
61865
94646
29120
29127
61907
37625
94695
29172
61969
29214
29219
29220
29227
29228
29232
94770
55530
62021
29254
29255
29259
29260
94798
29266
94821
29287
29292
94835
75885
29338
29343
62128
62129
29363
29378
4898
94933
29420
75901
62198
29437
29439
62208
29448
29456
29477
62247
62249
29482
54066
62256
29496
29497
29507
10380
29520
108686
29537
29539
62315
127867
29567
62339
29575
62347
29583
62355
95125
29592
29593
29595
43165
29621
29653
62434
29684
29685
95917
29700
29710
62481
29715
29741
29752
62532
29766
29769
92343
29772
29781
29783
29788
29796
29803
29810
29821
29837
29866
62644
29877
29879
29882
29897
29906
29911
29914
15910
29929
29932
29934
29951
95490
43223
29973
4996
29984
29989
29995
30017
30027
62843
95613
30082
30083
30096
30097
30112
62882
30117
62902
97865
30138
30140
30143
30144
62927
95699
62932
30165
30179
30189
30203
30218
30225
54190
105755
63002
30243
30250
30256
30261
30274
70582
30278
30294
30295
30299
63088
63091
63098
30340
30344
30357
30359
30360
63129
30365
63137
63139
30381
30386
30392
63162
30402
95942
95944
30409
30412
70605
30417
95965
30431
30432
30455
93760
30461
30463
10539
30503
30504
30514
30527
30534
63329
30577
30586
30610
30616
30621
30658
63429
30671
30672
63442
30675
63445
63458
30692
30701
30718
63490
30724
30726
30729
30736
30738
30763
43357
30791
30793
30797
30819
30824
30828
96371
30839
30856
30865
30869
30876
96421
70685
16072
63671
30905
70687
30909
30910
30911
63687
5154
30936
63720
30956
30957
30961
30963
30965
96503
63739
30974
63745
30979
30987
63776
63778
31011
63784
16093
59785
5172
31044
63814
31056
31070
63845
31085
31096
10645
31104
63875
92566
31112
99281
31124
63917
31158
31161
31167
31174
10659
31195
31204
59815
63985
31220
31221
63998
31233
31234
37974
64010
31272
96814
96825
31292
31305
96845
31312
31319
59834
129638
31337
31349
43455
96910
31379
31392
31399
64170
31406
64177
64192
96969
31439
31441
31463
31474
97028
64281
31514
31516
97095
54413
64339
64352
31595
97133
129913
31614
38039
31637
97192
64425
31685
64456
64465
64469
64485
31743
64513
31752
64526
64527
97307
31776
43527
31792
31795
31801
130139
31889
31893
31901
59931
31913
31928
31936
64705
54476
31956
31958
31988
97525
64766
32008
97548
32029
32035
32039
32042
64818
32051
43573
130386
32092
59964
64880
64893
32135
32136
32142
32155
32159
32164
32165
32174
32191
32192
64964
32197
16292
64988
64991
32226
32228
32234
97775
32248
32261
32284
32288
65062
65068
32302
32306
32309
32311
32315
38155
32325
70924
32332
97887
32355
32361
32363
32382
32418
97961
32430
32441
65215
32451
32456
65230
130767
32472
32475
32480
98019
32491
65492
65282
98058
32526
65314
32553
130858
98093
65346
32584
32592
73100
92815
65384
32618
65394
98188
32671
65444
65445
32679
65449
32683
32695
32715
65489
32724
32727
65498
98297
