21162
21169
21171
21175
21185
53958
21191
86740
53981
21241
58156
21261
21278
21298
54073
86848
21314
21327
101859
86877
21359
86900
86907
54152
21389
54161
86934
54167
21406
21408
54183
119721
21419
54189
21422
80029
54196
21433
21434
62908
54204
54212
86981
86982
21449
21451
21455
72729
54233
21469
21473
21476
54262
21500
21504
21513
87053
21530
54303
87074
21539
21548
21555
21558
54336
21578
21579
54358
21612
54384
87158
21629
47298
21662
21668
21685
21704
54473
21707
21708
63693
21712
21715
87252
21718
54492
21731
54500
54505
21756
21761
21768
54538
21771
9454
91013
54575
54578
21812
87352
21821
54591
54596
21830
21832
21835
21839
54611
41871
54620
21854
21857
87400
87402
21867
21871
21873
87411
54647
21885
54658
63725
21910
54684
21925
54701
21940
21945
21952
21959
21968
54738
87513
21991
21994
21998
22005
22008
22012
22015
87552
34558
36438
87561
22028
22029
87567
74670
120346
87584
54818
54822
22055
54824
120367
22064
120373
74677
54850
22086
56383
22091
22095
22098
22114
22119
22126
87674
41920
87698
54941
22181
22186
54960
87736
22203
22206
87743
22215
54986
22223
87764
54998
55000
22235
22237
22238
107472
55017
36477
55026
22265
55035
22270
22280
22290
55059
74714
22302
22304
87843
55077
22311
87851
55090
22348
55119
55121
55135
22388
55161
22397
22407
87944
22414
120720
22426
22440
55220
55227
22461
88001
88004
22470
22471
55247
22484
22487
22501
22505
22507
22511
22518
22546
120858
22555
22560
22576
22583
55354
22588
55359
88135
55375
22608
22610
22614
55389
22623
22625
22630
22632
88170
88195
55429
22668
22671
55440
22678
22681
22682
22684
55457
22690
55459
22693
22708
22719
88256
22723
88268
22740
22742
88279
22747
22748
88293
22760
22762
55531
22768
22770
22775
74794
22782
22783
22798
69336
22811
22823
22827
55597
55598
22831
22832
22838
22849
22871
55646
22885
22891
22894
88432
55668
55676
22910
55684
55686
22928
74819
88470
22937
55707
88482
22952
22953
88490
22961
88513
22986
22987
22988
55782
55787
23028
23033
23053
20228
23075
23081
88622
23096
55870
23104
23114
23121
23131
55910
23145
55919
23158
23160
55933
55937
23170
23171
121480
23181
23183
23194
23198
55976
23210
121517
23221
55991
74868
23229
56001
23235
58486
56006
56013
56016
23253
56024
23271
23280
121589
23287
23290
23291
23293
23305
23306
23310
23322
23331
3890
23352
23364
23372
23377
23405
69437
23414
23420
56189
23429
85825
23439
23442
23463
73887
23473
23474
23477
23478
23479
56252
56280
23517
23527
23531
23538
89085
23565
23575
121881
56346
56351
36699
56363
56366
23615
