26446
26448
26450
26452
26453
59235
59254
26498
26501
26502
26507
26516
26538
26566
59336
26577
59351
59371
92142
26617
59405
26639
59417
59420
26657
26666
26667
26674
26676
26685
59455
26707
26714
59483
138372
59496
59517
59519
59533
26769
26775
26800
26803
26806
26807
26833
26835
59606
26841
26847
26850
59635
26889
26895
26909
97328
59694
26931
26949
26956
26957
26960
59731
26982
92532
80960
27017
27019
92561
59795
59798
27042
27047
59829
27066
27072
27076
27087
59860
75513
59866
27104
27105
59875
27109
27121
27127
27149
27151
27154
27163
27175
59945
27181
42760
27196
59980
59981
27220
27233
27241
27243
27246
27250
27252
27254
27257
60038
27277
27279
60050
27284
27298
27315
27319
27326
27328
27337
27340
60110
60111
27349
27350
60125
27360
92898
60136
113788
27375
27376
27379
27384
27392
27396
27401
27409
42798
94750
60197
92971
37341
27443
42808
86500
27484
27493
27494
93046
27520
27533
60314
60327
27567
27583
27597
93138
27609
60390
60393
4605
64681
27641
60429
10072
27670
27675
125989
27694
27702
60474
27714
27747
27752
81084
42855
60524
27759
10088
27762
27766
60537
27776
44570
27798
27802
27806
27811
81094
27825
27827
27835
93376
27844
60619
27898
27899
93438
97494
27928
60709
27944
27952
27963
27970
4662
27979
27987
27988
27994
27997
28002
28003
28008
60778
60784
28021
60797
28036
60817
28058
28067
28071
93613
28078
28080
28082
28085
93633
28099
60870
60876
10147
28118
28121
28122
60903
93678
28144
28151
28166
28167
28173
28179
28193
28201
28205
28211
28212
60992
28225
28226
28227
28234
28236
28252
28262
28263
61049
28288
61058
28293
61062
28300
28308
28311
28312
28314
93854
28320
28322
28324
28338
103510
28365
28371
75726
28374
28379
28382
126693
53884
28394
28434
28437
28438
93999
94000
61239
28477
126784
28483
28485
28487
28493
28494
28502
28510
28527
28528
94072
92139
28549
28553
28565
28595
61366
28601
61380
28613
28628
28629
61413
28647
61417
28650
61419
28672
28680
61481
28718
28731
94275
28740
61521
28759
28771
61545
28797
61572
28821
36967
28828
28831
61613
28849
28858
28885
28888
28894
61667
28918
61693
28934
28947
28951
28952
28954
28960
70364
28971
28973
94802
28985
28996
61772
29010
94547
61805
94589
29055
61831
29068
29069
29072
29082
29084
29088
94632
61865
94646
29120
29127
61907
37625
94695
29172
61969
29214
29219
29220
29227
29228
29232
94770
55530
62021
29254
29255
29259
29260
94798
29266
94821
29287
29292
94835
75885
29338
29343
62128
62129
29363
29378
4898
94933
29420
75901
62198
29437
29439
62208
29448
29456
29477
62247
