8192
16388
8197
6
36865
8
9
8203
12
10925
8208
17
32786
19
20
16407
8216
16409
8218
27
8221
31
8224
34139
36
8229
38
39
16426
12295
44
46
47
48
50
56
16441
60
62
8255
16448
8258
32779
37517
74
16459
8270
16464
8273
8278
87
16473
8285
94
16479
8288
32865
8290
17513
24678
8296
106
8303
16497
8306
115
57461
119
120
121
35844
123
8316
125
12309
129
24707
8327
137
16523
10643
20736
8339
32917
16537
8347
8349
34104
8353
24739
15554
16553
173
174
177
21010
8371
16564
184
16575
8385
16579
24772
8390
24777
202
204
8402
212
16598
216
24612
24794
16603
33717
224
226
13691
21830
8421
230
16616
233
17193
238
33117
16625
45017
243
246
8439
250
253
41215
41217
33026
32811
24839
8236
267
8460
13698
8462
33041
275
16660
28718
280
17796
283
284
286
8479
16673
24868
9557
16679
296
24873
298
8242
47407
8496
16689
307
16692
24885
312
8506
27359
316
38282
320
16707
330
33099
8524
16718
335
8248
15075
343
33112
25999
349
57694
8543
24928
354
33123
12441
358
24936
361
362
364
30098
366
367
16752
8561
373
16759
24957
386
387
389
24966
13652
16777
8586
9623
16780
397
400
401
402
403
10990
406
407
410
411
16797
414
415
417
418
21915
21801
423
424
25001
16810
427
428
26474
430
433
434
435
437
25014
8633
443
16458
10997
450
16835
452
454
8647
8650
463
33233
470
45230
473
477
480
16866
16867
484
487
488
489
492
43773
497
45139
16886
503
17202
508
8701
33278
511
16896
16903
520
13806
8716
8721
12603
8726
536
538
8738
8739
41511
552
16939
556
557
560
16945
33331
16949
8475
8761
12294
8765
8768
577
25155
580
9654
582
584
16969
16971
9294
32866
591
16977
8787
25173
599
603
8797
16990
32869
608
611
8804
615
33384
617
8811
17004
621
622
8815
624
8817
17206
629
634
635
41596
8298
644
647
17034
27415
8846
8847
8848
8478
17043
660
17046
33431
666
668
8861
670
671
8865
674
676
31516
683
684
685
686
690
8307
692
693
8886
8752
41656
53364
698
23327
17084
701
25278
9675
708
711
712
8905
8311
718
720
28792
8914
723
724
729
61544
732
8926
33504
8930
739
740
742
743
744
746
15143
748
750
8317
754
755
8951
760
9684
762
764
765
20484
767
768
769
770
771
17157
8966
776
779
781
784
785
17171
788
8981
793
794
796
797
8991
8992
802
804
806
808
809
810
9004
17197
816
817
818
821
822
25400
25401
20486
828
829
9022
9023
8211
9026
836
837
839
843
844
846
852
15063
854
856
25436
9054
9701
9057
9058
868
869
33639
872
873
875
9070
41840
16531
9080
889
17274
11071
39583
893
894
17280
15168
899
901
902
905
25483
910
912
36019
9109
17302
919
921
922
923
930
931
932
17318
935
936
18853
9130
23367
940
22265
25520
946
947
949
950
951
50104
953
17339
9149
25535
962
963
965
968
25546
972
9165
22047
975
976
978
979
9172
9173
983
9176
986
989
992
9187
996
997
998
17384
13820
1002
9195
1005
1006
17391
1008
9204
1013
9206
1015
1016
1019
1020
1021
1023
25600
9217
1026
1029
1030
1031
25608
1034
1036
1037
1038
1040
1041
14492
1043
17428
1045
9238
1051
1052
1055
1057
1058
15195
9252
1062
1063
25641
17450
1067
1068
1070
1073
1075
1076
1077
1078
9271
1080
17466
9276
1085
9280
1089
1090
1091
58436
1093
1094
10402
1098
12471
1100
17485
1102
9295
1105
1107
1108
1109
1110
1111
1112
17499
9308
17502
1119
1120
1122
1123
17508
11110
9319
1128
9312
19303
1132
9325
9329
1138
1139
1140
17526
17527
1144
1145
1148
1152
9345
1156
1158
1162
1163
1164
1165
17550
1167
1168
1170
1172
1173
1174
1175
1176
1177
1179
1180
1182
33952
1186
9380
1190
1191
1192
17577
1195
1197
9390
1199
1201
1206
1207
9401
9402
1211
9404
1213
1215
1216
1217
1218
1220
1221
1222
1224
1225
9419
1228
9421
25806
1231
1232
1233
17619
1238
13047
1241
9434
1243
1244
1247
1249
1251
9444
1256
1261
1262
25839
1264
1265
9458
9461
17654
1272
34041
34043
1277
1278
1279
17664
1281
42051
1283
1284
1285
42246
1287
1289
1293
9487
1296
17681
1298
1300
1303
1305
17692
1313
1314
1315
25892
1318
1319
1320
1321
13975
1323
1324
1325
1326
34095
1329
13875
1332
1335
9528
25919
50497
1346
9539
1349
1351
1352
1353
1354
13757
1357
21995
1364
1365
17752
32996
9562
1371
42781
17759
17760
1377
1379
1382
1383
1384
9578
11154
1391
17776
1394
1395
1396
17781
31797
1399
34170
34171
9596
17792
1410
43692
1412
17797
17800
56513
39055
1423
17808
20506
38842
24814
1431
13892
9626
1435
9629
17822
9635
17828
17829
1448
1450
17779
1453
1454
1457
9650
9652
1462
9656
34236
26046
45207
1474
50627
1477
9671
1483
1487
1489
1491
1492
1493
1498
9693
22096
17891
1509
1511
1512
1516
26306
1523
1524
1525
9718
34295
1529
26106
40327
34301
9728
1537
9730
26118
1544
9737
17930
18007
1551
45315
17940
1558
1559
26136
18601
17946
15279
32513
1565
1566
35760
9762
22107
26148
9765
9767
1576
1581
1582
9776
9778
31340
1588
1589
9782
9783
17979
34367
1600
13920
1603
1604
34375
60407
1614
53519
18003
1620
12329
9814
1623
21331
1627
22215
1632
34403
1636
41233
19422
19388
18028
1645
1646
1648
1649
9844
1653
1655
1656
1657
1658
26235
1660
30334
34430
9858
1667
1668
1669
1670
34412
1674
1675
1676
1677
1678
1681
1684
1685
9879
26266
42653
1696
1698
1699
34468
9897
1706
1711
41247
1713
26290
1715
1717
1719
26296
9914
24863
26301
1728
9332
9922
34499
1732
18118
24608
1736
9930
34508
1741
18126
9848
18130
9939
18880
1750
9943
26328
9945
12879
13946
26334
1760
1765
34228
16680
13950
19154
9977
9978
1792
1793
18178
1795
1797
1801
1802
9995
9996
1806
1808
1810
10003
27884
1815
9860
1818
10013
42786
10020
1829
1831
34601
1834
1837
16428
1843
11230
1848
26425
59195
10044
1855
26432
15328
18242
18244
1861
10055
1864
1869
1870
22157
42832
1874
42638
1878
37177
18264
19428
29523
1884
10077
10078
22770
25872
23522
1890
1891
1892
10085
1894
9873
1898
10092
1901
17794
26484
10103
42873
17907
10110
38399
18305
1922
10118
10121
10123
10125
10127
26036
32882
1940
10133
10135
15886
10141
1950
10145
1954
22171
10150
30292
1960
1961
1962
10155
10159
10160
1970
18356
1973
18358
10167
10170
10173
1983
1987
1988
1990
1993
26571
26572
1997
2001
26578
34467
18391
2008
2009
2011
43712
10205
36347
2017
10211
34788
26597
49168
26601
10218
10220
2030
2031
10224
2033
18418
18419
2036
30377
2040
2042
10236
26282
2046
2054
2055
2056
2057
2059
10254
8252
2064
2066
26643
10260
2069
10263
2073
10267
2076
27620
10271
2080
2082
10275
18469
9905
10280
2089
10282
18476
16733
18480
2097
2098
29022
18487
45079
10297
2107
10300
15370
10302
10304
2120
2125
10318
18512
10321
12643
2132
39798
2135
10329
2138
34908
10333
10334
45413
2144
18534
2151
26729
10349
2158
26735
2160
2161
34930
2163
2165
2166
16745
2168
2169
26746
2171
25441
12344
9920
34948
2182
2183
10376
2187
10381
2190
2191
2194
10387
10388
2197
2198
10391
10392
18585
18586
2206
2209
2210
18596
2213
16753
2216
2217
10411
2221
2224
42132
18613
2231
2232
2233
10426
2235
2236
26813
16757
2242
2243
2245
2247
2248
2250
2251
17921
2253
2254
2255
2256
2258
2263
2265
2266
10459
2268
2269
10468
31782
35046
2281
2282
2283
2285
2291
2294
2298
20863
2301
2302
18688
55997
10498
35883
2309
2310
2311
2312
10505
2314
26891
2316
2317
2318
2319
46808
2322
8579
2324
26901
2326
2327
2328
18713
2330
2331
2332
2335
13444
35108
2341
2342
2344
10537
10538
18732
26927
2352
2353
2354
2355
2357
10552
2361
2365
2366
2367
2369
2371
2372
26949
2378
2379
2380
11536
2383
2385
2386
2387
2388
36905
2390
18776
29540
10586
2396
28449
2399
2400
2401
11323
2404
2405
2406
35900
2410
2411
2412
24978
2415
2416
26996
18806
2424
27001
2428
2430
33633
2433
27368
2435
2436
8598
2440
2441
2444
2445
10639
2448
12696
2450
2451
2452
2454
2456
2459
33178
10654
23621
10660
2469
2470
30449
10669
2478
27056
2481
2483
2484
10678
18871
2489
2491
2492
2493
18878
2496
11746
2498
10692
27078
27079
2505
2506
2507
27084
27085
2511
2513
35283
19534
19724
14073
18905
11343
10718
2529
2530
10723
2532
2534
2535
27112
10729
2540
27119
2544
10737
2546
10739
2549
2554
35151
27139
2565
2566
9985
18954
10763
2573
2575
2576
8622
10774
10775
2587
2588
2589
2592
2594
10787
2597
16817
2600
25728
18987
33202
43566
18992
25011
2612
23646
26377
10809
17748
26477
10814
10821
35401
2637
27218
15459
26382
2646
2648
35420
27231
2657
10850
27241
27242
19052
10861
27249
2674
2675
29118
42579
10879
39370
2689
27266
10884
2693
2694
16834
23661
19088
10897
2707
43669
35480
2714
2715
19101
35487
2728
10921
19116
2733
9729
2735
27312
27313
10930
38686
14530
43706
2747
2748
27328
2753
10946
10950
22306
2767
10962
2771
2775
2776
18212
2778
22309
2784
2785
10978
35556
19173
10982
19176
2793
2794
2795
2798
10994
2804
2805
2810
19583
2812
11005
2815
27392
27396
2823
2824
38700
11018
2828
2829
2830
27407
11025
11026
2835
2838
19223
19225
27418
23281
2844
11037
19231
2848
52003
2853
57652
27432
2857
19242
11052
2862
19248
19249
2867
11060
27449
11066
11068
2879
11072
2883
11078
2889
12770
11088
2900
19285
2904
8676
35675
22330
11103
11104
19600
35013
2915
2917
2918
11111
2922
8679
11116
19310
2927
11121
27506
32013
2933
2936
11129
2939
11133
2942
11135
11139
19339
19341
2961
2962
2963
2964
2968
11161
11163
11166
11169
11419
11531
2982
27560
19373
2992
19377
2996
27575
11193
11194
11196
3005
3007
27588
21024
11209
3019
43981
11214
11215
11219
10062
3030
11223
9921
3036
3038
11231
22352
12795
11236
12922
11239
52201
11242
15527
28553
26450
3061
11255
35832
3065
3070
3072
3076
14166
45657
3080
3081
3082
3083
30927
27844
19473
11282
3097
27675
3100
14015
3103
20768
11298
11305
19498
30572
3117
3120
11314
26180
3124
3128
27828
3131
3132
36021
3139
3142
3143
3145
19532
11342
3151
10083
3156
35925
19547
19548
3167
27744
27745
3171
11365
3175
12818
36029
27762
11379
11380
11382
60607
3196
23020
11391
3201
12793
3203
17861
21014
11398
19649
35976
3209
3213
3214
10093
3216
12824
3219
14190
17102
3223
19608
3225
3227
11421
3234
11430
11431
3241
3242
27820
17928
35297
19636
3253
3254
11447
11449
31946
3263
3265
19651
3268
11462
3271
11464
3274
19660
11469
23747
9111
3285
11480
3289
3290
11483
44252
11486
32810
19681
19682
11021
11497
3308
3311
3315
19700
34686
19702
19707
23297
12842
19710
3327
3328
19715
28753
3336
11529
3339
3340
44301
3342
21037
3344
11542
3352
3353
52213
19742
38789
3360
3361
3362
19675
38847
27943
12660
3370
26845
3382
3384
3386
3387
30602
3390
3391
11584
11585
11586
3398
36168
3401
11597
19790
3407
52560
19793
18319
3420
11615
3424
3425
11618
3427
3430
28008
29244
3437
33341
36739
11634
3444
3445
3446
3448
11641
3450
3452
11645
32258
3460
3461
3462
3463
3465
41851
52620
3469
3471
3472
11666
3476
3477
19862
28056
28058
11503
19936
3486
3487
19872
3489
11682
3492
21062
3494
28071
19882
11692
19887
3504
3506
3507
3508
3509
41595
3514
30623
11708
17575
44277
3520
20303
25163
28100
3525
3526
26529
3528
3529
3532
10146
3534
11730
23577
3543
3544
3545
3547
3552
3554
3555
3559
3561
11755
3564
3567
3568
3569
33363
3572
19960
11770
3579
34730
3582
27904
26539
11780
3589
36945
3592
3593
3594
3595
11788
23810
3598
3599
58610
3601
3603
19991
28184
19994
54131
11806
18352
12891
3622
32036
14578
3628
3629
29277
3632
3633
11829
32855
3646
3649
3650
3651
25777
3654
11532
34997
20043
27400
3663
16216
3665
20050
11534
3671
3673
20058
27946
19217
3677
3681
3685
14268
8807
3692
21096
3698
3699
38339
11894
11897
22463
3711
3713
20098
36484
19734
22219
3719
11915
8813
11920
20114
3733
3734
3735
36511
3744
11937
11938
20132
11942
19174
3754
36523
3760
11955
26569
11961
11963
22474
3775
43288
11970
11972
28364
11554
20174
20175
20180
3800
15652
11995
3805
28382
20191
20192
3810
12003
3812
20197
3814
3817
44784
12020
20586
3830
12025
11562
28414
12031
3840
20228
3846
30134
12042
3857
3858
3859
20244
12053
10201
3864
12057
28442
3868
12061
49411
3872
18678
12069
8858
28455
12073
12076
36655
12081
3890
44593
20278
15951
10446
12092
3903
3905
35160
3908
20293
10209
3912
3914
9132
12108
3917
3918
17593
3921
3922
3923
3924
3926
22226
23412
3934
28511
20320
3937
28515
3942
20327
36684
3945
20331
3948
33426
3950
28228
12145
3954
3960
12153
3965
12158
20351
20352
3969
3970
16499
3972
20359
18412
3979
3983
17965
3986
28563
28568
12185
3994
3995
3997
12190
20383
4000
36769
37531
4005
10225
16773
8860
4011
4016
4017
20405
4022
20408
17055
4030
4031
4033
4034
34232
4037
20422
36808
4044
45730
36173
36816
39961
53208
17060
4059
12252
12260
20453
12262
12264
18428
12266
4077
28656
4081
4083
30718
20476
17867
4095
28672
4097
12290
4100
28677
4102
4103
12297
12300
12301
20494
4111
33689
37508
12307
4117
28942
12313
4122
4124
28702
20511
4131
4132
12325
4136
11612
18439
4140
4142
4143
36914
20532
20534
12343
4152
20537
4157
21173
4160
4161
20546
4165
45127
28744
12362
25271
12367
20561
27690
20564
22542
4183
4184
12377
20571
4188
18448
4194
20582
4199
20650
12394
31237
4207
16507
4212
36982
32105
4216
4217
12412
20605
4223
20608
36993
30965
53380
12421
16390
20620
17486
45200
12433
12434
28819
45206
4247
8900
4250
4254
12447
28832
12449
12453
4262
12458
37035
17600
28845
4270
12463
12357
26602
17873
4277
12470
4279
12474
28860
4286
19829
20672
20674
36150
4292
12485
4295
4296
20681
28876
10274
12494
38436
4307
4309
20694
4311
4312
4315
39800
12511
4320
4321
12516
12517
12519
10279
4333
21588
4336
25513
12532
27120
34515
13238
4344
20730
4349
4351
12544
4355
12549
12555
4366
4367
20753
28946
12565
20758
12567
4376
17331
28037
10722
25898
57625
28039
28972
28977
4404
11657
28985
12602
4411
28990
18653
4419
28998
4424
4428
12625
4435
4437
4438
4439
53988
12635
43793
29021
12638
45407
8877
4450
4451
12644
4453
12646
11528
20845
26685
29609
4468
4470
12665
4474
4476
48977
4479
35338
14061
4485
53638
49900
4491
12685
12686
12688
12689
29074
4499
8942
4502
4504
4505
4508
4510
12703
4512
4514
12707
4520
4522
22599
44766
4525
4526
4530
17139
4533
29111
4540
4542
4544
4546
4548
13046
4554
12747
20941
37326
29136
20945
4565
4566
4570
4571
4572
4575
20961
4578
19878
35271
20968
12778
4587
4588
20974
8957
4596
4597
4601
8959
20991
4608
12802
4611
37384
19884
4618
12811
4621
4622
12815
4624
4625
4626
17155
23217
4629
4630
4631
4632
21252
4634
4636
10330
21023
20613
12836
33542
4650
4653
18525
17160
4658
4663
12858
4668
29247
21056
4673
4675
4677
12870
41346
8973
12880
21074
4691
4694
4696
4697
4699
4700
12893
17069
25618
4712
19900
4716
12909
36437
32189
4720
4723
4724
12917
21111
4730
4731
4733
41749
21120
37507
12932
4741
4742
4746
28098
4750
4751
21137
25713
29332
25527
43731
4762
29339
4764
29341
22640
21154
11718
12966
12967
8988
4778
4780
54045
37552
4786
18547
12980
12981
11721
21177
37563
31838
4797
24862
12993
12994
21164
4807
4808
15820
37579
8994
11725
4816
4817
4818
4823
21208
21284
13018
4827
13020
9708
13022
47413
13026
21220
21221
21222
4839
21225
13034
45863
13036
29421
4848
13041
26894
4853
4854
9001
13049
45819
29441
4866
41604
13060
13061
13064
17196
21258
11735
13069
37647
4881
4886
11737
4893
4894
13088
13092
29478
29479
4907
13100
4909
20622
21298
4915
13108
13109
4918
37687
21300
25756
29499
4924
21309
9013
11744
30966
13110
54086
21320
13131
4940
4941
4942
4943
21330
4947
18441
10382
13142
21336
4953
22671
13148
13149
13151
4963
21348
13157
37735
4968
21354
13163
4972
4974
4975
4977
13171
4982
4983
4984
13177
13119
4989
21375
45952
13563
13186
32985
13188
13191
13192
44066
29579
5004
29585
5011
13206
29591
13208
9028
13210
29596
29597
5022
21317
5024
5026
5030
43267
5033
13226
25415
21420
45995
46000
37809
13234
13235
5046
5049
21445
5051
49729
21439
9035
14353
14600
18593
13257
5066
21451
5069
5072
46035
5079
29659
13277
5086
13279
48179
13283
27175
13290
13291
13292
13294
34984
21490
13809
13300
21494
13303
13304
46079
5120
5122
13315
9046
13319
13320
21515
5133
5135
13329
29714
21528
19972
5147
21533
13342
5152
39088
5154
29732
5158
5159
5160
29737
5163
5165
11784
29748
5175
43188
11873
13376
21570
46147
29764
22710
5191
13841
5194
29772
5197
13390
21583
5200
21586
5204
13397
27749
5209
5211
21596
18618
21598
5217
5221
21606
5224
13417
41661
5231
21616
5235
5236
5239
21624
5252
38021
5261
5262
5264
5266
18627
5268
21358
13463
62097
5273
63461
13468
5277
13471
38049
46242
37745
5288
21673
5290
5295
26824
5298
21363
13492
23384
5302
5304
21690
5307
5311
5313
18635
5316
13174
46550
13515
20363
35224
46286
29903
13521
21714
20003
5333
5334
17273
23364
14543
21724
10448
25467
21732
13543
19273
21743
13552
13554
9086
5366
13560
13562
5371
21757
29950
18728
21761
5383
5385
5386
33186
5394
17283
5397
5401
54554
27423
5404
15920
21794
13604
5415
5416
5417
29994
13612
38190
5423
5428
13621
13624
13625
33733
13627
5437
17494
5440
25277
5442
5443
5445
13638
5448
29580
21834
33188
13651
5460
5461
5463
5471
5472
30050
13667
5476
38247
5481
13674
5486
5491
21877
5499
13692
5505
5506
5512
38281
13706
5515
5516
13710
10477
5520
5522
5525
5527
5528
5529
38298
5531
5533
20370
5536
9115
38310
5544
5548
5549
5551
11096
21937
13746
5556
13214
12817
38327
13754
5565
5567
25554
5571
5572
13765
5576
13769
21410
9123
13780
30166
13784
9124
13787
13788
5597
20048
38371
21414
5606
5611
13804
5614
20223
9128
13811
13812
10494
5622
13815
5626
5628
22013
5631
5634
25515
28161
30216
5641
5649
22034
5651
13844
36441
22042
30235
18192
13855
40833
5665
5667
5668
9736
13863
5672
22057
38442
38443
5678
11869
10504
5682
9139
13876
19296
13881
13884
5694
5695
5696
5700
9142
5703
5704
13897
17335
5710
5711
5712
5713
5716
5717
30294
22103
15972
5722
18703
5726
22111
5728
25531
33743
5735
5736
38926
5742
5744
38514
13941
5751
18708
5754
5758
22143
5761
23651
30342
5768
5770
5773
5776
21742
5778
25539
5782
5783
5785
5787
46749
5791
5792
5793
5794
5795
30373
13991
5801
5802
22189
5806
5807
19288
5811
30388
47390
5814
21450
5823
5824
30402
5827
14022
5831
9586
5837
37837
14032
14034
14038
5847
14040
22233
14042
9167
5854
22821
14049
14050
22822
5862
5868
9170
30446
10536
37069
17363
14072
5881
5884
5887
19461
5889
22275
30468
5893
5894
30473
29655
31027
28293
5909
5910
5911
5912
30490
5915
5918
14111
22304
18736
5922
5923
14117
14118
22311
14122
22315
14124
35122
14126
25565
22320
39751
18739
22293
21470
5942
11109
14138
5947
22332
14142
22837
25568
27263
22342
5960
5965
5966
5968
14164
16014
5974
30551
22360
14172
14173
5984
14181
30566
14183
30568
14186
14187
14188
5998
22386
6003
14196
14198
9194
32405
14208
6017
29730
6020
14213
10561
6024
14218
16023
14221
38802
17390
6041
14234
30622
14239
6049
6051
14244
29662
33481
14251
14252
6061
38833
22451
6068
6069
6070
6071
22456
21492
6074
6076
14269
14270
9205
45977
14275
22468
6085
6086
6087
22473
14282
6097
6099
6104
18767
33512
22494
6111
14309
14310
31057
6120
6124
14317
14319
6128
6129
6130
22515
6132
6135
14329
18317
19299
22525
6142
44504
13312
14338
14341
6151
18125
6158
6160
8934
6165
6166
21755
14361
6170
6173
34576
9221
6176
6180
9222
26120
48761
6184
38394
22572
6194
47158
20827
6201
6203
9226
38974
6208
10592
22595
14405
10593
14408
6218
14412
17421
38993
47191
22618
6235
30815
22625
39010
11119
6246
6247
21482
17426
14447
14448
14452
30839
6275
30852
6280
6281
6285
14478
6287
6290
6294
30871
6296
10607
6300
30877
6305
22693
6311
9244
6314
6317
9371
22704
6326
39099
6332
47675
6338
6339
36955
39287
14540
6349
6351
6352
14545
17882
6361
22936
14557
39141
63348
9255
14572
6384
21544
6386
10622
22774
6397
14596
14597
6408
47369
6410
30990
16088
10627
14615
18820
6426
22811
43633
6435
6436
6437
14630
6439
56181
6444
6447
6449
14642
6451
6452
6453
8499
6459
6462
9269
22848
6466
6467
31049
12002
6478
14672
9272
31313
6490
19976
22876
39261
19311
6502
22888
10642
6515
22900
14709
24297
8946
6522
14718
34315
54163
6530
22915
6533
14726
25665
14729
14730
26394
6541
18840
6547
14744
6555
39330
14755
6564
16113
39338
6571
6572
6576
6577
14771
30225
6581
6582
14775
39352
47548
14781
14785
25675
14789
14790
6599
25676
14794
14950
22993
6610
31188
6613
14806
14807
14808
22948
23002
20860
49483
6623
40288
6626
6627
14821
6630
55719
6636
6638
12029
6640
6643
16588
23029
9300
6651
6656
29682
31236
9302
14855
23054
14864
39441
14866
6678
6679
14872
9497
14878
14879
6688
14882
6693
6697
6699
39468
14893
6702
6703
6705
35251
31284
14901
6711
6713
9311
14908
6718
6719
6721
49036
22966
34150
14926
6736
23121
6739
6740
6742
6743
14936
39513
23133
6750
6751
14944
6756
6758
6759
6760
6762
6764
6766
18877
6771
14965
6775
6777
23162
14973
42507
10688
12501
6788
6791
31368
6799
20248
6803
47772
23197
22981
6816
6820
21504
25323
6824
30506
6829
29415
15025
6834
6835
15029
10697
6841
6842
24351
6845
15038
6848
28448
15042
18891
6852
6855
6856
6859
15053
6863
6864
15059
15060
6870
6871
18895
6877
15071
6883
39655
6893
6897
6898
15091
28415
28872
35285
31488
15105
6915
15110
6919
28797
15116
15118
31192
6930
6932
6933
6934
39704
9348
6938
31515
15132
6942
6943
15137
9350
6951
6954
6957
6965
15160
15161
15162
15166
6976
15170
25739
14253
23365
15174
6983
23368
9356
6989
17549
31570
39395
25742
15190
15192
27108
7002
7003
7006
15199
7009
7011
43333
7015
46442
23401
7018
31599
7028
15221
15222
7032
25330
7037
21653
15234
15783
20289
14828
7050
9367
23438
19212
7057
7058
31635
39828
23445
9369
15258
43503
21785
7069
7073
7075
22530
7080
22331
7086
7087
15287
15292
7105
7106
12107
39878
7111
7112
25634
15307
12109
7129
7131
23518
7136
23521
15330
15334
23527
48105
9383
23533
23535
31730
36691
39925
31735
15352
23545
13482
31745
7172
56329
7178
15373
9389
15377
16649
7188
23575
7193
7195
27141
15393
42521
15398
7207
15401
31786
15406
31791
23600
15409
23603
20318
31798
7224
7225
27146
7233
18457
40011
7244
15439
40017
7255
7262
11153
9403
31844
12134
15465
40042
32615
7277
24053
23664
16232
7284
7285
36713
17599
40061
7294
7297
7299
42177
15498
15502
15505
26791
22066
15508
28526
7319
7325
7328
15525
7335
32978
10780
10781
9416
31925
31927
23071
17703
7362
7363
7364
31944
17612
15562
40823
7372
7382
7386
48348
48349
31966
23781
15591
13067
31978
20705
7404
12157
31984
7409
40980
48372
7414
40184
15609
7426
7427
23814
16257
7435
12162
32016
48402
20355
7444
15638
9433
43120
15643
7453
44166
48416
32033
7460
15656
7466
16263
23435
7470
27187
7479
15672
15673
23236
7484
7486
7487
7489
7490
7491
7495
23881
7498
7499
7503
15699
7510
24982
32088
25346
7518
7519
15712
7523
18599
23910
7527
23100
32106
12178
25832
42805
7543
7544
15737
26711
18799
23932
7549
7555
7558
23943
7563
40332
18763
23958
40351
40355
7588
9457
34034
15790
23985
23986
18545
7608
7609
7613
15806
40383
40384
40385
24008
7628
7630
15826
49059
24023
15836
7646
32224
8438
7651
7653
15847
30418
7665
15859
9470
24054
24057
9471
40445
7681
15874
24073
7690
14935
7694
15887
24081
15890
15899
15905
24101
20728
15912
32297
16306
7728
7730
7732
7735
7737
7738
23135
7740
45379
19898
7749
24136
15945
7754
7755
7757
38950
7759
24146
7763
15961
31585
7771
32698
15967
7777
15970
16315
7780
7781
7782
15977
24170
32365
7790
15984
15985
40562
50431
7800
7801
7802
12223
24188
13589
16002
7811
7812
7813
24198
16008
14956
32397
7822
16015
7826
7827
23150
7831
7833
24218
7835
24220
7840
32419
7844
28614
24231
16040
10866
7855
16048
39815
43634
24246
24522
34087
32451
16068
16069
24263
7883
17699
11174
7896
16091
32476
7902
16099
9265
29451
16105
7915
7921
7924
16118
9513
32724
7931
7933
24319
7937
16132
24330
32728
32532
40727
14980
7962
29999
12813
16159
48928
9267
16162
7971
16166
34097
16168
24540
23175
16172
13632
24374
7992
7993
31909
32582
9527
16206
8015
8016
8017
32594
31559
8021
8024
16219
40798
8031
16907
48994
20454
40806
8039
8040
8041
8043
57196
8046
8047
8049
8050
19091
24437
16247
16251
16253
32638
24448
8065
24451
8071
24458
32652
24463
8080
8082
8084
32661
8086
8088
8089
10906
27291
16293
8104
8108
24493
8112
8114
8116
31913
8122
8123
16316
50506
8126
8127
24513
32706
16323
8132
16327
8138
8141
8142
16335
34970
8148
8149
16343
8152
22094
24542
24544
32740
32743
24557
8175
10920
16371
8185
8187
8190
8191
