26446
26448
26450
26452
26453
59235
59254
26498
26501
26502
26507
26516
26538
26566
59336
26577
59351
59371
92142
26617
59405
26639
59417
59420
26657
26666
26667
26674
26676
26685
59455
26707
26714
59483
138372
59496
59517
59519
59533
26769
26775
26800
26803
26806
26807
26833
26835
59606
26841
26847
26850
59635
26889
26895
26909
97328
59694
26931
26949
26956
26957
26960
59731
26982
92532
80960
27017
27019
92561
59795
59798
27042
27047
59829
27066
27072
27076
27087
59860
75513
59866
27104
27105
59875
27109
27121
27127
27149
27151
27154
27163
27175
59945
27181
42760
27196
59980
59981
27220
27233
27241
27243
27246
27250
27252
27254
27257
60038
27277
27279
60050
27284
27298
27315
27319
27326
27328
27337
27340
60110
60111
27349
27350
60125
27360
92898
60136
113788
27375
27376
27379
27384
27392
27396
27401
27409
42798
94750
60197
92971
37341
27443
42808
86500
27484
27493
27494
93046
27520
27533
60314
60327
27567
27583
27597
93138
27609
60390
60393
4605
64681
27641
60429
10072
27670
27675
125989
27694
27702
60474
27714
27747
27752
81084
42855
60524
27759
10088
27762
27766
60537
27776
44570
27798
27802
27806
27811
81094
27825
27827
27835
93376
27844
60619
27898
27899
93438
97494
27928
60709
27944
27952
27963
27970
4662
27979
27987
27988
27994
27997
28002
28003
28008
60778
60784
28021
60797
28036
60817
28058
28067
28071
93613
28078
28080
28082
28085
93633
28099
60870
60876
10147
28118
28121
28122
60903
93678
28144
28151
28166
28167
28173
28179
28193
28201
28205
28211
28212
60992
28225
28226
28227
28234
28236
28252
28262
28263
61049
28288
61058
28293
61062
28300
28308
28311
28312
28314
93854
28320
28322
28324
28338
103510
28365
28371
75726
28374
28379
28382
126693
53884
28394
28434
28437
28438
93999
94000
61239
28477
126784
28483
28485
28487
28493
28494
28502
28510
28527
28528
94072
92139
28549
28553
28565
28595
61366
28601
61380
28613
28628
28629
61413
28647
61417
28650
61419
28672
28680
61481
28718
28731
94275
28740
61521
28759
28771
61545
28797
61572
28821
36967
28828
28831
61613
28849
28858
28885
28888
28894
61667
28918
61693
28934
28947
28951
28952
28954
28960
70364
28971
28973
94802
28985
28996
61772
29010
94547
61805
94589
29055
61831
29068
29069
29072
29082
29084
29088
94632
61865
94646
29120
29127
61907
37625
94695
29172
61969
29214
29219
29220
29227
29228
29232
94770
55530
62021
29254
29255
29259
29260
94798
29266
94821
29287
29292
94835
75885
29338
29343
62128
62129
29363
29378
4898
94933
29420
75901
62198
29437
29439
62208
29448
29456
29477
62247
62249
29482
54066
62256
29496
29497
29507
10380
29520
108686
29537
29539
62315
127867
29567
62339
29575
62347
29583
62355
95125
29592
29593
29595
43165
29621
29653
62434
29684
29685
95917
29700
29710
62481
29715
29741
29752
62532
29766
29769
92343
29772
29781
29783
29788
29796
29803
29810
29821
29837
29866
62644
29877
29879
29882
29897
29906
29911
29914
15910
29929
29932
29934
29951
95490
43223
29973
4996
29984
29989
29995
30017
30027
62843
95613
30082
30083
30096
30097
30112
62882
30117
62902
97865
30138
30140
30143
30144
62927
95699
62932
30165
30179
30189
30203
30218
30225
54190
105755
63002
30243
30250
30256
30261
30274
70582
30278
30294
30295
30299
63088
63091
63098
30340
30344
30357
30359
30360
63129
30365
63137
63139
30381
30386
30392
63162
30402
95942
95944
30409
30412
70605
30417
95965
30431
30432
30455
93760
30461
30463
10539
30503
30504
30514
30527
30534
63329
30577
30586
30610
30616
30621
30658
63429
30671
30672
63442
30675
63445
63458
30692
30701
30718
63490
30724
30726
30729
30736
30738
30763
43357
30791
30793
30797
30819
30824
30828
96371
30839
30856
30865
30869
30876
96421
70685
16072
63671
30905
70687
30909
30910
30911
63687
5154
30936
63720
30956
30957
30961
30963
30965
96503
63739
30974
63745
30979
30987
63776
63778
31011
63784
16093
59785
5172
31044
63814
31056
31070
63845
31085
31096
10645
31104
63875
92566
31112
99281
31124
63917
31158
31161
31167
31174
10659
31195
31204
59815
63985
31220
31221
63998
31233
31234
37974
64010
31272
96814
96825
31292
31305
96845
31312
31319
59834
129638
31337
31349
43455
96910
31379
31392
31399
64170
31406
64177
64192
96969
31439
31441
31463
31474
97028
64281
31514
31516
97095
54413
64339
64352
31595
97133
129913
31614
38039
31637
97192
64425
31685
64456
64465
64469
64485
31743
64513
31752
64526
64527
97307
31776
43527
31792
31795
31801
130139
31889
31893
31901
59931
31913
31928
31936
64705
54476
31956
31958
31988
97525
64766
32008
97548
32029
32035
32039
32042
64818
32051
43573
130386
32092
59964
64880
64893
32135
32136
32142
32155
32159
32164
32165
32174
32191
32192
64964
32197
16292
64988
64991
32226
32228
32234
97775
32248
32261
32284
32288
65062
65068
32302
32306
32309
32311
32315
38155
32325
70924
32332
97887
32355
32361
32363
32382
32418
97961
32430
32441
65215
32451
32456
65230
130767
32472
32475
32480
98019
32491
65492
65282
98058
32526
65314
32553
130858
98093
65346
32584
32592
73100
92815
65384
32618
65394
98188
32671
65444
65445
32679
65449
32683
32695
32715
65489
32724
32727
65498
98297
