16253
49035
16270
16278
81815
49049
81826
49060
49065
16298
16299
16300
49069
16317
16323
16326
101025
16328
49097
49098
16333
16337
16338
16344
16345
16346
49133
16373
16387
16402
16411
16412
49190
49197
49215
16448
16449
16475
16477
49257
82028
16498
16504
16512
16513
49297
16538
49315
16548
16559
49328
49340
49341
82111
16576
49362
16600
16603
16606
16609
66021
49388
16623
16631
49404
16644
16649
16654
62851
16662
2778
82216
16682
16683
16687
16689
49463
16704
16715
49485
49487
49491
49492
49493
16739
16741
49510
16745
16750
82296
16766
16773
16776
16777
82316
16791
16796
49566
82338
16803
16808
49579
49587
41033
35572
16826
13727
16828
16832
16836
16839
49623
16860
16877
82419
82420
49654
16898
16905
16914
49684
16931
16932
16954
16965
16968
16972
49747
16980
16984
16989
16991
16992
17001
17012
49784
17026
82567
17034
17037
17040
17041
49815
17052
17062
17079
17085
82622
41077
17092
49870
17104
17108
17122
35623
17132
17135
17141
17143
17145
17149
17151
49928
82705
82708
49944
17179
17180
49949
17185
49961
49964
17197
17207
17208
17211
2869
82752
73867
17224
17228
82770
82777
17248
17254
17262
17275
17294
82842
17333
17336
17338
50107
17342
50113
82886
17353
17357
17363
50138
17378
17390
50165
17400
17409
50183
17419
17426
101209
50200
50209
50211
50213
17469
50238
17471
17476
50250
17489
35685
17521
17525
17527
17538
17547
83091
17561
17567
50341
83112
17593
50373
17606
50375
17610
50382
50384
17624
17626
50395
17630
50407
17642
17643
17661
2946
148759
17690
17696
46640
17703
17713
17715
17718
17723
17724
50493
50494
50496
17733
17737
17741
50515
83284
17749
17753
17755
17762
17768
17769
17778
17780
83318
83326
17793
83335
17801
17811
24814
17814
17830
17833
83370
17836
17840
17847
17853
17857
17861
83403
50636
50642
50644
17881
17886
17892
17895
17902
2984
17912
17931
50702
17935
68526
50719
17955
17959
83500
17978
17981
50770
18003
50774
50795
18033
50808
83583
46702
50848
46704
18089
50861
50865
18105
50887
18128
83696
18166
83703
50937
50943
18189
18210
50981
18226
101342
51003
18236
51010
18246
68579
51029
51031
51035
18275
18276
51046
51053
83826
83839
51075
18308
18309
51080
51082
18322
83860
18337
51111
51122
51128
18362
18363
51132
83910
18377
18379
51152
51153
18393
51164
18403
51173
51174
18410
18427
18429
18432
18447
18448
18457
18459
68613
51241
18476
18479
18485
18495
18496
18500
18511
18518
18535
51305
51310
51311
84080
18546
68627
18548
51320
51329
18567
18576
51349
51353
84128
51381
51386
18631
18637
18638
51408
51424
51425
51432
18673
19497
18681
18684
18688
18693
18699
51469
18704
18721
51494
18730
84267
18732
51505
18741
95967
18753
51522
74123
18760
51531
18778
51558
18793
51562
51574
18811
18813
18824
18842
51616
51634
18868
18891
18898
51667
51673
18916
51689
18927
117241
18952
117262
51735
117284
18981
18983
18985
18987
18995
51769
84549
19025
84576
19041
19044
19050
117361
68713
19064
51846
19087
51862
19098
19110
19114
19115
19132
19136
51916
51922
19156
117461
19158
51932
19166
19171
51940
19173
19177
19185
19187
35966
19209
51981
137031
19220
84776
52020
19257
19258
19265
19270
19272
19281
19283
19288
74212
19290
84831
52064
19299
35985
52073
19308
84846
19314
19318
84857
52094
19329
52102
14145
19338
19344
19351
52122
19365
19394
84934
52172
19412
19416
19421
19422
36005
19429
19433
19439
117744
19441
84983
84988
84990
19462
19464
19479
19483
52260
19494
52265
19501
19517
19519
19548
19549
19555
19559
19561
19563
19568
19569
52344
19588
52360
85134
19601
19602
52376
19609
19612
85171
19644
52413
19647
19653
19667
19672
19684
85224
19690
52460
19705
52475
52480
19718
19731
19739
19742
52518
52520
19758
19763
19764
19782
19784
19787
19791
19811
19816
19818
19824
19825
19828
19832
19837
52607
118162
52641
19880
52670
19912
85453
19920
52693
85475
19945
19950
85500
19966
19967
19978
19989
52761
52773
52778
52786
20020
20029
20038
20044
20045
20048
20049
20054
14265
20060
20061
52833
20072
52844
52850
20086
119602
52860
118398
20113
20116
85653
20121
52897
20143
85684
20150
52920
52928
52938
20172
20178
20187
20195
85738
52974
20211
20212
20220
85761
52996
20234
53003
74370
20246
53022
85800
20266
53039
20282
20289
20291
53060
53061
20310
53081
20323
20340
53113
20346
68927
85884
20351
20363
20369
134467
20372
20391
53161
85934
101704
85939
20409
85946
20413
20416
53186
20422
53194
53201
20434
20436
85983
53224
53227
20461
20466
20473
20476
58026
20483
20495
3416
86034
41646
20507
53279
20520
53294
20531
20533
86075
53317
20551
14348
20556
86094
118865
53337
20577
20578
20589
20590
20596
20606
118913
20613
20617
20619
20621
20622
53392
53396
20649
118960
53430
20672
20682
68984
53463
53473
36220
53489
53501
20736
20737
20741
20742
53528
30767
20767
53541
53545
20789
20816
53586
20820
20846
53626
20865
47169
86418
86420
20913
53686
20921
53692
20925
20932
53706
20939
20947
86486
20958
20964
53743
53751
53752
20986
20995
21009
53781
53783
53785
47194
21032
21042
21047
21055
53827
21071
21073
53849
21082
36283
21095
21102
21105
21107
21116
119437
21141
21142
21143
21146
21161
