8807
8808
8819
8824
8828
8831
41602
8841
8850
39705
41628
8863
41643
8878
41647
8887
8890
8893
8896
8898
8910
8916
41685
8918
41687
8923
74461
100681
41704
8939
74479
41714
74488
83412
8954
41724
41725
8969
41753
8991
8993
8994
8997
8998
9007
9010
9024
9025
9027
41807
9040
9042
74586
9055
41826
9059
74598
41838
41842
9075
9077
9078
9081
9085
9103
9106
9115
9116
9123
9129
41898
41902
9141
74680
9150
9151
9152
9163
9166
9168
1528
74706
9178
41951
41953
9209
107525
9223
9227
34306
9232
9246
42022
9258
1543
9262
74801
9267
42038
42039
42051
72545
74827
9294
9299
42068
9301
9316
74857
9327
42100
9334
9336
9348
9364
9378
74917
9382
9386
9387
9390
9394
9398
9399
74941
7029
9411
9412
9413
9414
9416
9425
9440
9441
74978
132341
9445
55962
42222
42227
9464
42244
75014
42248
9481
9482
9487
9492
75030
9497
9499
42270
75042
9515
9522
9523
107832
9536
9538
9540
9544
75087
9552
42321
9554
9558
9563
9572
9573
99900
9593
98521
75138
9608
9611
9612
9613
75156
9624
9628
140704
42402
42403
107945
42412
42414
42424
75198
9664
9665
9669
9672
75212
42450
9684
9689
9692
9695
42468
9701
9702
9704
9718
9722
42502
42503
75275
34393
9754
42532
9765
9769
72626
9774
9775
9780
9781
42551
9784
9787
42559
9792
108098
9795
75338
42571
9810
9811
9812
9813
75353
9819
9820
108127
42593
42594
9830
75367
42605
9843
75384
9851
9852
9863
9867
9868
9870
9872
9874
9878
9883
9891
9892
9894
42668
9901
9902
9903
9909
75449
9914
42683
67189
9922
42694
9929
42699
42700
75470
9936
9938
9947
42720
9955
9956
9960
9963
42733
9969
9971
9973
9974
9977
9987
9992
9998
75546
10019
10021
10025
42794
42795
10030
42805
10038
10040
10041
42817
10050
42819
10053
42825
10058
10059
42830
75599
10071
42840
10077
75614
42853
10087
42856
10089
10090
75627
108400
10101
10114
108425
10123
10124
10125
10128
10131
42906
10139
10141
42910
42915
10151
10161
10173
10174
42952
42958
10191
10197
10198
10200
75737
75745
42980
10216
10218
42987
10220
42995
42998
10232
10234
43009
75780
10245
10249
10256
108561
141330
10260
10263
43032
43043
34481
43054
10301
10304
43073
10311
43083
10316
10321
10326
10328
43098
67258
10344
10346
10349
10351
10365
43148
10382
10386
10391
43160
10397
43170
43171
10410
10441
10444
43219
10455
10460
10461
10468
43239
108778
10476
43245
10481
10484
10485
10489
10490
10493
10496
10503
43280
10513
10519
43298
10531
43305
43307
10542
76083
10549
10555
43326
76096
10569
108879
10578
43348
10589
10590
10592
10595
10596
42907
10606
10612
43381
10619
10622
10623
43404
1774
10646
10651
43427
10662
43431
10672
10677
10687
10692
10694
10706
10712
10722
10731
10735
10739
10741
10742
10746
10749
10750
10759
43531
43534
43543
43556
10791
43560
10793
43565
10803
10805
76347
109119
10816
43588
43593
10826
76363
43605
43606
43612
10860
43640
10874
10878
10880
43660
10895
43668
10907
76453
10922
10934
10939
76478
10948
10949
10951
10955
10956
10957
10958
10962
43741
43756
43763
10997
10999
43773
43776
43781
11015
11278
43787
76567
11033
11035
11039
11041
11047
11051
43829
11067
11069
43840
76613
11079
76621
11087
11094
11104
43873
11106
11108
11109
11110
83772
11114
33244
11141
11146
43929
11162
78320
76707
11172
11181
43953
11186
11197
11199
11200
109506
11203
11209
11218
43989
76758
43991
11226
43997
7333
11238
11242
11246
76784
44017
11253
11257
142330
12799
44031
11264
11267
44038
11273
44042
18263
44046
44047
72878
11287
76825
11290
11313
44082
44085
11338
11350
44123
76893
76902
11368
11372
76909
44144
11381
11383
11387
67434
11391
11399
11402
11404
44176
11411
44181
11415
44189
76958
11424
11427
11429
76972
11444
78366
76983
34676
11453
11454
44224
11459
11465
11472
34680
11476
11479
11482
11487
56529
11499
11500
65851
11517
11519
11521
11531
11532
11533
44305
77075
44315
72922
44318
11558
11559
11565
18312
44340
77110
11587
11588
11590
77137
44376
11610
11613
11617
11618
11621
11626
11634
11636
44407
11657
11660
44430
11665
11675
11678
11680
11685
11688
11692
11698
11704
11712
44483
44485
11722
11724
44503
44504
110041
11740
11746
44519
11754
11756
77293
11760
11761
11766
45653
44549
11784
11790
11794
11796
11798
44569
11802
11808
11809
11810
11814
11821
77360
44593
11830
11831
11832
11833
44603
11839
77377
11845
11853
11859
11860
11866
11867
11873
44644
11880
11882
11888
44663
11899
11901
11903
11904
11906
98598
11910
34754
11924
44693
11926
11927
11930
11931
11934
77474
11939
11941
11952
44723
11956
11958
11961
11965
11970
11974
11975
11984
44758
11998
44767
12002
44776
77545
12012
44786
12024
12026
12027
77564
12035
44807
44811
44812
12047
12060
77597
12063
12064
12066
44839
12072
12074
44854
12093
44862
12097
44870
44872
44875
12109
12110
12114
12118
44890
12123
12124
44893
12138
44909
12142
44911
12152
12154
44923
34794
7488
12162
12164
12168
12170
12171
12172
44941
44952
44957
73029
12205
12206
12213
44985
12218
77757
77760
44998
12233
12237
45006
12239
12240
45011
12247
