62249
29482
54066
62256
29496
29497
29507
10380
29520
108686
29537
29539
62315
127867
29567
62339
29575
62347
29583
62355
95125
29592
29593
29595
43165
29621
29653
62434
29684
29685
95917
29700
29710
62481
29715
29741
29752
62532
29766
29769
92343
29772
29781
29783
29788
29796
29803
29810
29821
29837
29866
62644
29877
29879
29882
29897
29906
29911
29914
15910
29929
29932
29934
29951
95490
43223
29973
4996
29984
29989
29995
30017
30027
62843
95613
30082
30083
30096
30097
30112
62882
30117
62902
97865
30138
30140
30143
30144
62927
95699
62932
30165
30179
30189
30203
30218
30225
54190
105755
63002
30243
30250
30256
30261
30274
70582
30278
30294
30295
30299
63088
63091
63098
30340
30344
30357
30359
30360
63129
30365
63137
63139
30381
30386
30392
63162
30402
95942
95944
30409
30412
70605
30417
95965
30431
30432
30455
93760
30461
30463
10539
30503
30504
30514
30527
30534
63329
30577
30586
30610
30616
30621
30658
63429
30671
30672
63442
30675
63445
63458
30692
30701
30718
63490
30724
30726
30729
30736
30738
30763
43357
30791
30793
30797
30819
30824
30828
96371
30839
30856
30865
30869
30876
96421
70685
16072
63671
30905
70687
30909
30910
30911
63687
5154
30936
63720
30956
30957
30961
30963
30965
96503
63739
30974
63745
30979
30987
63776
63778
31011
63784
16093
59785
5172
31044
63814
31056
31070
63845
31085
31096
10645
31104
63875
92566
31112
99281
31124
63917
31158
31161
31167
31174
10659
31195
31204
59815
63985
31220
31221
63998
31233
31234
37974
64010
31272
96814
96825
31292
31305
96845
31312
31319
59834
129638
31337
31349
43455
96910
31379
31392
31399
64170
31406
64177
64192
96969
31439
31441
31463
31474
97028
64281
31514
31516
97095
54413
64339
64352
31595
97133
129913
31614
38039
31637
97192
64425
31685
64456
64465
64469
64485
31743
64513
31752
64526
64527
97307
31776
43527
31792
31795
31801
130139
31889
31893
31901
59931
31913
31928
31936
64705
54476
31956
31958
31988
97525
64766
32008
97548
32029
32035
32039
32042
64818
32051
43573
130386
32092
59964
64880
64893
32135
32136
32142
32155
32159
32164
32165
32174
32191
32192
64964
32197
16292
64988
64991
32226
32228
32234
97775
32248
32261
32284
32288
65062
65068
32302
32306
32309
32311
32315
38155
32325
70924
32332
97887
32355
32361
32363
32382
32418
97961
32430
32441
65215
32451
32456
65230
130767
32472
32475
32480
98019
32491
65492
65282
98058
32526
65314
32553
130858
98093
65346
32584
32592
73100
92815
65384
32618
65394
98188
32671
65444
65445
32679
65449
32683
32695
32715
65489
32724
32727
65498
98297
