32769
4
6
7
10
65549
32791
32792
65561
26
27
32796
32
32803
42
43
48
65586
51
53
58
59
32830
71008
98370
67
69
71
78
82
83
84
32853
87
65628
95
97
71014
104
112
118
119
121
122
124
126
32895
32896
129
130
32900
32901
137
149
156
32925
32926
32927
160
32929
171
172
65709
174
175
178
32950
183
98489
189
195
200
32972
209
212
213
215
32985
220
223
230
233
234
243
246
247
33016
253
33023
32811
45836
264
266
275
278
281
65823
288
294
297
298
301
33070
307
308
65847
315
324
325
332
333
33105
344
345
5467
349
65888
361
366
373
377
382
383
81984
54678
65932
401
33170
414
416
418
423
33195
33196
432
435
440
443
445
448
65985
450
451
452
455
458
65995
464
468
32846
470
471
33241
476
33245
478
479
484
33253
488
497
500
33269
32852
509
511
512
66050
33287
33289
526
527
528
531
536
537
66076
542
547
33321
554
555
561
33330
564
567
568
569
574
33344
581
33351
585
33355
591
596
600
33370
603
606
607
66146
613
614
617
618
622
629
631
632
636
639
33408
644
98949
647
33421
655
656
662
664
665
671
672
683
689
692
33464
66233
698
43807
701
709
716
66256
724
728
737
742
744
745
753
763
766
769
770
781
783
784
789
33559
792
795
797
33568
33570
805
33577
810
817
131209
33592
828
33599
834
33608
33610
849
33622
860
861
863
864
865
33637
33638
66407
66414
887
889
71146
33663
66433
899
33668
33669
33672
33676
911
912
33689
923
925
33694
929
930
937
66477
949
952
955
32928
963
66500
99276
974
977
982
995
998
66538
6580
1005
66545
33778
1011
33780
1018
1022
33793
1026
65707
1033
1037
1038
99345
66578
1043
1045
1048
1053
1055
1056
1065
1069
1070
1071
1083
1088
1089
1090
33859
33861
1094
1102
1103
1109
33880
60261
1120
1121
1138
33907
1148
1151
33922
1156
1157
66696
1163
33939
66711
33944
1178
1187
1193
1197
66741
33974
1210
33979
1218
1221
1222
1226
1230
66770
1241
34014
103973
1250
1251
66791
1259
1262
66799
1269
66808
32980
99581
32981
1281
34054
32983
1292
1296
66834
1301
1302
1303
99611
34076
109445
1314
1317
1319
34088
1322
1323
1324
1326
1329
1333
1334
1336
34106
1339
1349
1358
1362
1366
1371
1378
34148
34151
1387
1391
1402
1403
1404
1414
1418
1423
1424
132498
1429
1430
1434
1438
66982
1456
1463
1474
54859
67013
1482
34252
1488
67025
1491
1496
1501
1502
34275
34281
1514
1518
1520
1522
1523
34296
1531
1532
1538
1542
34311
1550
1551
1552
1557
1559
1563
34334
34335
1574
1576
34346
1585
1586
1587
34356
1591
1594
1596
34372
99910
5729
1612
1624
1625
34398
1631
34405
1639
1641
34410
1643
1653
1655
1663
67201
99970
104045
1684
1689
1690
1697
1701
1702
67240
67242
5746
1712
1713
34484
67254
34487
1722
1723
1724
1734
1736
1741
1743
1744
67284
1750
1754
100059
98260
1762
1765
34534
67306
1773
34542
1775
67315
1790
22145
1800
1801
34572
1811
1817
34587
34601
34602
67371
34604
34605
34612
34614
1847
1850
1854
1856
1860
1861
1867
67404
67405
1870
1879
1880
1885
1887
1889
34659
1892
1898
34669
1908
1912
34681
1915
1916
1918
1920
1927
67465
1931
1936
1937
1938
1939
1944
1950
1952
1955
1957
1958
1959
34729
34730
1963
67502
1970
1971
104094
1975
1978
1982
1986
1989
1992
1997
34773
2006
2009
2018
76795
2021
2022
2023
2026
2028
2032
2036
2037
2038
2039
34819
2053
2055
34828
2061
2062
2063
34834
2067
2069
2077
2080
2081
2082
2085
2089
33117
34864
2099
2100
67637
2102
2105
2112
2113
2115
2116
2117
2124
2125
34894
2127
67666
2132
2133
67672
2141
2143
2145
2150
2152
2153
2154
2155
2157
2165
2166
34935
34936
2169
2174
67714
2181
2182
34951
2184
34954
2187
2190
2194
67731
2202
2209
2211
2221
2223
2224
2226
2229
67767
2236
2238
67775
2240
2248
2249
35018
2254
2255
2259
2260
2264
2265
2269
2270
2271
2273
2274
2277
2278
35051
2288
2292
33150
2298
2300
35069
67839
35079
2313
2316
2317
2320
2323
2325
2327
35099
2334
49541
2338
2339
2340
2346
2348
2350
2351
2355
2356
2358
2361
2362
2363
2364
2366
35135
2369
2370
2373
2375
2377
2381
2384
2387
2388
2389
2390
2391
2392
2393
2399
2400
2401
2405
2406
2409
2410
2411
2412
2418
2420
2426
2429
2437
2440
35210
2452
67990
2455
2458
2460
2461
2462
2464
35237
2470
2473
2475
2479
2484
16798
2486
2488
2492
2495
2498
2502
2506
2507
35276
2516
2521
2524
2527
2528
35299
2532
2533
2534
2535
2537
2538
2539
2542
35311
2548
5886
2550
2553
2554
2555
35324
2558
2561
2562
2563
2565
2566
